520  679
3561 0.590035492955 0.0 0.0
2914 0.263954065944 0.5 0.0
3549 0.233496033442 0.0 0.5
6453 0.220366222854 0.5 0.5
1740 0.150953479578 0.0 -0.5
3976 0.112777910868 0.25 0.25
3356 0.104222133665 0.25 0.0
7170 0.097248720984 0.0 0.25
1833 0.0903617795553 0.0 -0.25
6347 0.0902098140969 -0.25 0.25
7473 0.088315579771 0.25 0.5
6402 0.0846291121346 0.25 -0.25
6993 0.0846291121346 -0.25 0.0
237 0.0761240590605 -0.25 0.5
145 0.0750034403313 0.5 -0.25
6259 0.0737339444575 0.0 0.125
3352 0.0707838108725 0.125 0.125
5650 0.0702128340874 -0.125 0.125
2828 0.0700966015944 0.125 0.0
6813 0.0698494839029 0.25 0.125
3384 0.0697465921965 0.125 -0.125
4694 0.0690204458842 0.125 0.25
6172 0.0679541042087 0.0 -0.125
9471 0.0675575437477 0.375 0.125
7194 0.0668636057351 0.25 -0.125
7782 0.0664586970021 0.375 0.0
6530 0.0664586970021 0.125 -0.25
1746 0.0664586970021 0.375 -0.125
3269 0.0656796027497 -0.125 0.25
11418 0.0640886467011 -0.125 0.0
11499 0.0640886467011 0.0 0.375
11722 0.0640886467011 -0.25 0.125
8584 0.0638400024501 0.125 0.375
2895 0.0634510482559 0.375 0.25
6401 0.0634510482559 0.25 0.375
6648 0.0634510482559 0.375 0.375
8346 0.0630668048896 -0.125 0.375
4755 0.0630668048896 0.5 0.125
4795 0.0630668048896 0.125 0.5
3301 0.0592786593078 -0.125 -0.125
5511 0.0577110027195 -0.125 -0.25
10311 0.0576649352683 -0.25 -0.125
5378 0.0533306994767 -0.25 -0.25
4657 0.0531121998008 -0.375 0.125
10977 0.0529379890642 -0.375 0.0
11976 0.0529379890642 -0.375 -0.125
11215 0.0529379890642 -0.375 0.25
11423 0.0517550387038 0.0 -0.375
11422 0.0517550387038 0.125 -0.375
2899 0.0513818384965 -0.125 -0.375
8404 0.0505541626543 -0.375 -0.25
2711 0.0504554628118 0.375 -0.25
2939 0.0504554628118 0.25 -0.375
3404 0.0504070324581 -0.25 0.375
8918 0.0502496170684 -0.25 -0.375
11775 0.0500980375613 -0.5 0.0
8043 0.0500835104128 -0.5 0.125
3914 0.0498406021721 -0.125 0.5
5003 0.0498165585354 -0.5 -0.125
6081 0.0497928078707 0.5 -0.125
4358 0.0497928078707 0.375 -0.375
2055 0.0497928078707 0.125 -0.5
7893 0.0497928078707 -0.125 -0.5
5551 0.0492914311313 -0.375 0.375
1761 0.0478413098495 -0.375 -0.375
4926 0.0476513936689 0.5 0.25
4459 0.047355967784 -0.5 0.25
1916 0.0464829256725 -0.5 -0.25
5078 0.0464811896202 0.25 -0.5
5389 0.0464811896202 -0.25 -0.5
3700 0.0463110942946 0.625 0.0
8866 0.0461979956326 -0.625 0.0
1241 0.0461979956326 0.0 0.625
2379 0.0461979956326 0.0 -0.625
2056 0.0461979956326 0.5 0.375
549 0.0461979956326 -0.5 0.375
6553 0.0461979956326 0.5 -0.375
10295 0.0459182315686 -0.5 -0.375
6356 0.0459182315686 0.375 0.5
2918 0.0459182315686 -0.375 0.5
3681 0.0459182315686 0.375 -0.5
6384 0.0459182315686 -0.375 -0.5
6359 0.0459182315686 0.625 0.125
2108 0.0459182315686 -0.625 0.125
8047 0.0459182315686 0.625 -0.125
6507 0.0459182315686 -0.625 -0.125
3464 0.0459182315686 0.125 0.625
10830 0.0459182315686 -0.125 0.625
11712 0.0459182315686 0.125 -0.625
8760 0.0459182315686 -0.125 -0.625
3790 0.0459182315686 0.625 0.25
5588 0.0459182315686 -0.625 0.25
10661 0.0459182315686 0.625 -0.25
6225 0.0459182315686 -0.625 -0.25
7254 0.0459182315686 0.25 0.625
7312 0.0459182315686 -0.25 0.625
10758 0.0459182315686 0.25 -0.625
1226 0.0459182315686 -0.25 -0.625
4181 0.0459182315686 -0.5 0.5
6535 0.0459182315686 0.5 -0.5
13329 0.0459182315686 -0.5 -0.5
10405 0.0459182315686 0.625 0.375
1968 0.0459182315686 -0.625 0.375
8624 0.0459182315686 0.625 -0.375
2707 0.0459182315686 -0.625 -0.375
5574 0.0459182315686 0.375 0.625
6312 0.0459182315686 -0.375 0.625
7029 0.0459182315686 0.375 -0.625
4057 0.0459182315686 -0.375 -0.625
10984 0.0459182315686 0.75 0.0
7057 0.0459182315686 -0.75 0.0
2561 0.0459182315686 0.0 0.75
5024 0.0459182315686 0.0 -0.75
167 0.0459182315686 0.75 0.125
6197 0.0459182315686 -0.75 0.125
10464 0.0459182315686 0.75 -0.125
11255 0.0459182315686 -0.75 -0.125
3239 0.0459182315686 0.125 0.75
14348 0.0459182315686 -0.125 0.75
10819 0.0459182315686 0.125 -0.75
7892 0.0459182315686 -0.125 -0.75
7891 0.0459182315686 0.75 0.25
8680 0.0459182315686 -0.75 0.25
12259 0.0459182315686 0.75 -0.25
7526 0.0459182315686 -0.75 -0.25
3218 0.0459182315686 0.25 0.75
4513 0.0459182315686 -0.25 0.75
6337 0.0459182315686 0.25 -0.75
4208 0.0459182315686 -0.25 -0.75
6395 0.0426080544354 0.5 0.625
11042 0.0422591069154 0.375 0.75
2568 0.0403973718425 0.625 -0.5
10530 0.0383864082456 0.75 0.375
226 0.035805328692 0.0 0.0625
4319 0.0353189884536 0.1875 0.5
568 0.0342505407031 0.3125 -0.125
73 0.0322871691332 0.3125 -0.1875
10708 0.0322871691332 0.375 -0.1875
1225 0.0299758943354 0.25 0.0625
7774 0.0287361362231 0.3125 0.0625
8174 0.0281079231249 0.375 0.0625
6108 0.0275602229291 0.3125 0.125
4688 0.0273489971305 0.4375 0.0625
297 0.026700655088 0.5 -0.0625
683 0.0263772725687 0.5625 -0.0625
210 0.0263772725687 0.4375 -0.0625
7151 0.0262806178419 0.0625 0.3125
8220 0.0261976554137 0.375 0.3125
11846 0.0259677853837 0.4375 0.0
2554 0.0247354475862 0.5625 0.0
2521 0.0247307437916 0.5 0.0625
6922 0.0247121037763 0.3125 0.0
6747 0.0244846840286 0.3125 0.4375
6463 0.0241683308167 0.25 0.4375
4628 0.0240209074341 0.4375 0.5
10942 0.0239080330437 0.0 0.4375
1103 0.023258593467 0.5 0.3125
1325 0.0228731627253 0.5625 0.0625
6327 0.0227123650422 0.4375 0.375
6847 0.0218816051103 0.625 0.0625
5522 0.0217613033182 0.3125 0.3125
9070 0.0214589324766 0.0625 0.5625
7738 0.0214589324766 0.0625 0.5
3951 0.0211818187947 0.625 -0.0625
3676 0.0211225734165 0.375 -0.0625
5377 0.0207351154338 0.5625 0.5
11387 0.0205404654335 0.5625 0.125
11610 0.0205404654335 0.4375 0.125
11611 0.0205404654335 0.5625 -0.125
11186 0.0205404654335 0.4375 -0.125
11404 0.0205404654335 0.6875 0.0
6344 0.0205404654335 0.5 0.1875
4222 0.0205404654335 0.5 -0.1875
7773 0.0205404654335 0.6875 0.0625
5496 0.0205404654335 0.6875 -0.0625
7853 0.0205404654335 0.3125 -0.0625
10494 0.0205404654335 0.5625 0.1875
1967 0.0205404654335 0.4375 0.1875
5752 0.0205404654335 0.5625 -0.1875
10686 0.0205404654335 0.4375 -0.1875
11092 0.0205404654335 0.6875 0.125
11424 0.0205404654335 0.6875 -0.125
11837 0.0205404654335 0.625 0.1875
11964 0.0205404654335 0.375 0.1875
11195 0.0205404654335 0.625 -0.1875
12078 0.0205404654335 0.75 0.0625
7118 0.0205404654335 0.75 -0.0625
7806 0.0205404654335 0.25 -0.0625
13557 0.0205404654335 0.5625 0.25
11956 0.0205404654335 0.4375 0.25
6331 0.0205404654335 0.5625 -0.25
12578 0.0203950869655 0.4375 0.4375
9073 0.0198631491148 -0.0625 0.5
5430 0.0198362440314 0.0 0.5625
2907 0.0190406750452 0.5 0.5625
6661 0.0185956536838 0.5 0.4375
2602 0.0185956536838 0.5625 0.4375
8001 0.0185632778586 -0.0625 0.5625
2500 0.0184749468089 0.125 0.1875
4269 0.018281120216 0.03125 0.5
6091 0.0181704151326 -0.03125 0.5
3512 0.0181704151326 0.0 0.53125
10242 0.0181704151326 0.0 0.46875
11458 0.0181704151326 0.03125 0.53125
6665 0.0181704151326 -0.03125 0.53125
5033 0.0181704151326 0.03125 0.46875
10390 0.0181704151326 -0.03125 0.46875
11333 0.0181704151326 0.0625 0.53125
6745 0.0181704151326 -0.0625 0.53125
1784 0.0181704151326 0.0625 0.46875
3578 0.0181704151326 -0.0625 0.46875
4492 0.0181704151326 0.03125 0.5625
10265 0.0181704151326 -0.03125 0.5625
10557 0.0181704151326 0.03125 0.4375
5050 0.0177990823438 0.15625 -0.40625
1653 0.0176840188439 0.53125 0.5
8470 0.0172530526233 0.46875 0.5
702 0.0172339788084 0.21875 0.09375
12524 0.017148573321 0.5 0.53125
6846 0.017148573321 0.5 0.46875
2766 0.017148573321 0.53125 0.53125
2683 0.017148573321 0.46875 0.53125
10569 0.017148573321 0.53125 0.46875
9116 0.017148573321 0.46875 0.46875
13489 0.017148573321 0.5625 0.53125
12713 0.017148573321 0.4375 0.53125
5769 0.017148573321 0.5625 0.46875
9304 0.017148573321 0.4375 0.46875
10354 0.017148573321 0.53125 0.5625
8810 0.017148573321 0.46875 0.5625
6877 0.017148573321 0.53125 0.4375
8452 0.017148573321 0.46875 0.4375
8895 0.017148573321 0.5625 0.5625
8002 0.017148573321 0.4375 0.5625
8272 0.017148573321 0.59375 0.5
6400 0.017148573321 0.40625 0.5
8160 0.017148573321 0.5 0.59375
6427 0.0167064683711 0.0 -0.15625
6746 0.0166487843341 0.125 -0.15625
1785 0.0118907162856 0.03125 -0.5
7178 0.0117467036997 -0.03125 -0.5
10430 0.0117467036997 0.0 -0.46875
14486 0.0117467036997 0.0 -0.53125
14275 0.0117467036997 0.03125 -0.46875
4376 0.0117467036997 -0.03125 -0.46875
4374 0.0117467036997 0.03125 -0.53125
12251 0.0117467036997 -0.03125 -0.53125
11078 0.0117467036997 0.0625 -0.5
11030 0.0117467036997 -0.0625 -0.5
3273 0.0109433967639 0.15625 0.125
3796 0.010916931365 -0.3125 0.1875
4058 0.0107008151812 0.28125 0.1875
9057 0.00957152693767 0.28125 0.0
8228 0.00938014827435 0.25 0.03125
3608 0.00888420363787 0.265625 0.25
4969 0.0088433530051 0.265625 0.0
5051 0.00877594854555 0.234375 0.25
4790 0.00877594854555 0.25 0.265625
5401 0.00852281058457 -0.171875 -0.234375
38 0.00816950442704 0.421875 -0.15625
3803 0.00811020270931 0.234375 0.0
5705 0.00811020270931 0.25 0.015625
101 0.0080730334558 0.4375 -0.15625
8175 0.00785227941736 0.3125 -0.3125
13 0.00761356280657 0.015625 0.25
5856 0.00756745769137 -0.015625 0.25
175 0.00756745769137 0.0 0.265625
5976 0.00756745769137 0.0 0.234375
3677 0.00748053314946 0.46875 -0.203125
3303 0.00735955846825 0.015625 -0.25
2588 0.00735446806916 0.0 0.40625
8532 0.00703157334725 -0.015625 -0.25
10510 0.00701975749564 -0.234375 0.234375
7949 0.00701975749564 -0.25 0.234375
11303 0.00701975749564 -0.234375 0.25
13726 0.00701975749564 -0.265625 0.25
14082 0.00701975749564 -0.25 0.265625
4943 0.00701975749564 -0.265625 0.234375
10710 0.00701975749564 -0.234375 0.265625
6620 0.00701975749564 -0.21875 0.25
13693 0.00701975749564 -0.25 0.21875
7431 0.00701975749564 -0.28125 0.25
4527 0.00701975749564 -0.21875 0.234375
10267 0.00701975749564 -0.265625 0.265625
3462 0.0069565875405 0.265625 0.5
5409 0.00689164848719 0.09375 0.0625
7472 0.00687233411307 0.234375 0.5
4704 0.00680853169697 0.125 0.234375
2041 0.0066683424141 0.015625 0.109375
6730 0.00624587110628 -0.21875 -0.15625
5400 0.00601301842042 -0.171875 -0.203125
8903 0.00597599130461 0.09375 0.09375
3307 0.00595386967394 -0.046875 -0.0625
6675 0.0059487516762 -0.03125 -0.125
10789 0.00592360374923 -0.234375 0.5
4557 0.00587236860551 0.515625 -0.25
3128 0.00587236860551 0.484375 -0.25
1706 0.0058368071352 0.5 -0.234375
32 0.0058368071352 0.5 -0.265625
2572 0.0058368071352 0.515625 -0.234375
17 0.0058368071352 0.484375 -0.234375
3 0.0058368071352 0.515625 -0.265625
2637 0.0058368071352 0.484375 -0.265625
11039 0.0058368071352 0.53125 -0.25
225 0.0058368071352 0.46875 -0.25
1742 0.0058368071352 0.5 -0.21875
46 0.0058368071352 0.5 -0.28125
3847 0.00577257460638 0.015625 0.125
10618 0.0057376179111 -0.015625 0.125
12097 0.0057376179111 0.0 0.140625
3324 0.00550805054482 0.140625 0.125
4740 0.00548779033706 0.109375 0.0
13946 0.00546360692791 -0.109375 0.125
6137 0.00546360692791 -0.140625 0.125
13563 0.00546360692791 -0.125 0.140625
6521 0.00546360692791 -0.125 0.109375
7011 0.00546360692791 -0.109375 0.140625
4313 0.00545455821774 0.125 0.015625
766 0.00543534621907 0.265625 0.125
7868 0.00542731995023 0.140625 -0.125
10848 0.00542731995023 0.109375 -0.125
13696 0.00542731995023 0.125 -0.109375
173 0.00537079548154 0.140625 0.25
4678 0.00537079548154 0.109375 0.25
10823 0.005287875723 0.015625 -0.125
10742 0.00520297678206 0.265625 -0.125
8980 0.00511082013643 -0.109375 0.25
5394 0.00511082013643 -0.140625 0.25
5397 0.00511082013643 -0.125 0.265625
6882 0.00511082013643 -0.125 0.234375
10910 0.00504816270136 0.421875 0.15625
12400 0.00496767906084 0.140625 0.375
8885 0.00496767906084 0.109375 0.375
3550 0.00493741329862 0.390625 0.375
6407 0.00493741329862 0.25 0.390625
6869 0.00493741329862 0.390625 0.25
6656 0.00489472838207 -0.15625 -0.203125
5605 0.00476185141469 -0.109375 -0.125
2820 0.00464083320768 -0.140625 -0.125
8493 0.00463593108572 -0.234375 -0.234375
6795 0.00461272999712 -0.125 -0.109375
8377 0.00461272999712 -0.125 -0.140625
3220 0.00461272999712 -0.109375 -0.109375
5518 0.00461272999712 -0.140625 -0.109375
12435 0.0044907388581 -0.1171875 -0.2421875
2471 0.0044907388581 -0.125 -0.2421875
8196 0.0043189973718 -0.25 -0.3828125
8422 0.00424620014272 -0.2421875 -0.375
9013 0.00418329359819 -0.2578125 -0.375
5587 0.00414987280954 -0.2421875 -0.25
8354 0.00414987280954 -0.2578125 -0.25
9105 0.00414987280954 -0.25 -0.2421875
7634 0.00413288606819 -0.3671875 0.125
11500 0.00392237060355 -0.2421875 0.375
13345 0.00392237060355 -0.2578125 0.375
5419 0.00391008058745 -0.25 -0.3671875
8975 0.00391008058745 -0.2421875 -0.3828125
9030 0.00391008058745 -0.2578125 -0.3828125
7958 0.00389832696686 -0.4921875 0.0
8468 0.00383553081122 -0.3671875 0.375
12370 0.00383553081122 -0.3828125 0.375
9198 0.00383553081122 -0.375 0.3828125
10481 0.00373063191769 0.4921875 0.2421875
10757 0.00370790298727 0.4921875 0.25
10986 0.00370790298727 0.5 0.2421875
11063 0.00370790298727 0.5 0.2578125
6057 0.00370790298727 0.5078125 0.25
11311 0.00370790298727 0.4921875 0.2578125
10715 0.00363901954719 -0.4921875 -0.25
11284 0.0036169830213 -0.5078125 -0.25
8696 0.00361684794103 -0.2421875 -0.5
8436 0.00361684794103 -0.2578125 -0.5
7294 0.00361684794103 0.2578125 -0.5
8036 0.00361684794103 0.2421875 -0.5
9151 0.00359481223811 0.0078125 0.625
11047 0.00359481223811 0.0078125 -0.625
6362 0.00359481223811 0.4921875 -0.375
1682 0.00359481223811 0.4921875 0.375
802 0.00359481223811 -0.4921875 0.375
8688 0.00359481223811 -0.6171875 0.0
1890 0.00351093752548 0.3203125 0.15625
4716 0.00342484313845 0.3359375 0.109375
4675 0.00336223979194 0.3359375 0.1171875
6822 0.0033085529193 0.3828125 0.75
6845 0.00328851734403 0.3671875 0.75
8466 0.00328851734403 0.375 0.7578125
8876 0.00328851734403 0.375 0.7421875
3233 0.00328851734403 0.3828125 0.7578125
7298 0.00328851734403 0.3671875 0.7578125
8362 0.00328851734403 0.3828125 0.7421875
8685 0.00328851734403 0.3671875 0.7421875
8778 0.00328851734403 0.390625 0.75
5710 0.00298716475118 0.7578125 0.375
6487 0.00298716475118 0.7421875 0.375
7701 0.00298716475118 0.75 0.3828125
2498 0.00291944362435 0.3125 0.375
2501 0.00291944362435 0.3203125 0.375
10596 0.00278634466341 0.0078125 0.0625
5726 0.00278634466341 -0.0078125 0.0625
3146 0.00266534275737 0.3203125 -0.125
1778 0.00266534275737 0.3046875 -0.125
3739 0.00266534275737 0.3125 -0.1171875
270 0.00207778695006 0.50390625 -0.0625
1843 0.00207778695006 0.49609375 -0.0625
8372 0.00203867108875 0.37109375 0.30859375
8709 0.00203867108875 0.375 0.30859375
12360 0.00203867108875 0.37109375 0.3125
7529 0.00192450357651 0.50390625 0.0625
9374 0.00192450357651 0.49609375 0.0625
7290 0.00192307828087 0.31640625 0.0
7291 0.00192307828087 0.3125 0.00390625
1970 0.00192307828087 0.3125 -0.00390625
6754 0.00191628751569 -0.0703125 0.37890625
8243 0.001827197953 0.1015625 0.0234375
852 0.00177822263999 0.4375 0.37890625
4509 0.00176745424485 0.44140625 0.375
8017 0.00164833508009 0.62890625 -0.0625
8114 0.00164833508009 0.62109375 -0.0625
11149 0.00164833508009 0.625 -0.05859375
6995 0.00164833508009 0.625 -0.06640625
10738 0.00164833508009 0.62890625 -0.05859375
9154 0.00162339406253 0.56640625 0.5
6700 0.00161356329031 0.55859375 0.5
9213 0.00161356329031 0.5625 0.50390625
6705 0.00154361256468 0.00390625 0.5625
2526 0.00143773621543 0.12890625 0.1875
4686 0.00143773621543 0.12109375 0.1875
4682 0.00143773621543 0.125 0.19140625
4796 0.00143773621543 0.125 0.18359375
9206 0.00142259435767 0.03515625 0.5
6719 0.00140269529433 0.22265625 0.09375
4130 0.00138510330991 0.16015625 -0.40625
9 0.00138510330991 0.15234375 -0.40625
2836 0.00137613803621 0.53515625 0.5
2833 0.00137613803621 0.52734375 0.5
2831 0.00137613803621 0.53125 0.50390625
2843 0.00137613803621 0.53125 0.49609375
9088 0.00137613803621 0.53515625 0.50390625
3265 0.00137544860592 0.21875 0.09765625
8650 0.00134931071629 0.21875 0.08984375
6694 0.0013426010605 0.46484375 0.5
6595 0.00134113967682 0.21484375 0.09375
1849 0.00134113967682 0.22265625 0.09765625
8195 0.00134113967682 0.22265625 0.08984375
8497 0.00134113967682 0.21484375 0.09765625
5499 0.00134113967682 0.21484375 0.08984375
6785 0.00134113967682 0.2265625 0.09375
8758 0.00134113967682 0.21875 0.1015625
8299 0.00134113967682 0.21875 0.0859375
8434 0.00134113967682 0.2109375 0.09375
8542 0.00134113967682 0.2265625 0.09765625
8914 0.00134113967682 0.2265625 0.08984375
8350 0.00134113967682 0.22265625 0.1015625
8277 0.00134113967682 0.22265625 0.0859375
8394 0.00134113967682 0.21484375 0.1015625
3628 0.000925338855603 0.033203125 -0.5
4017 0.000925338855603 0.029296875 -0.5
8483 0.000779164501628 0.279296875 0.0
5559 0.000744855572529 0.28125 0.001953125
8622 0.000744855572529 0.28125 -0.001953125
8743 0.000744855572529 0.283203125 0.0
8741 0.000744855572529 0.279296875 0.001953125
8957 0.000744855572529 0.279296875 -0.001953125
8921 0.000734409726327 0.251953125 0.03125
1781 0.000695588815563 0.267578125 0.25
9316 0.000695588815563 0.263671875 0.25
5641 0.000688191271001 0.267578125 0.0
2033 0.000688191271001 0.263671875 0.0
7772 0.000688191271001 0.265625 0.001953125
6260 0.000688191271001 0.265625 -0.001953125
9044 0.000681884778232 0.046875 -0.193359375
9078 0.00062105890382 0.017578125 -0.25
8255 0.00062105890382 0.015625 -0.248046875
213 0.000592500306337 0.017578125 0.25
5385 0.000572730955168 0.0166015625 -0.25
8477 0.000572730955168 0.0146484375 -0.25
6772 0.000572730955168 0.015625 -0.2490234375
12772 0.000572730955168 0.015625 -0.2509765625
4783 0.000541372215235 0.2666015625 0.5
7483 0.000541372215235 0.2646484375 0.5
8298 0.000536312264823 0.0947265625 0.0625
8917 0.000536312264823 0.0927734375 0.0625
6405 0.000522102139788 0.015625 0.1083984375
3110 0.000518940423557 0.0166015625 0.109375
11591 0.000518940423557 0.0146484375 0.109375
11209 0.000518940423557 0.015625 0.1103515625
7208 0.000518940423557 0.0166015625 0.1083984375
7436 0.000518940423557 0.0146484375 0.1083984375
6669 0.000467940759799 -0.171875 -0.2021484375
5484 0.000467940759799 -0.1708984375 -0.203125
6686 0.000467940759799 -0.1728515625 -0.203125
6870 0.000467940759799 -0.171875 -0.2041015625
8472 0.000467940759799 -0.1708984375 -0.2021484375
3152 0.000456963314039 0.4853515625 -0.25
8 0.000456963314039 0.5166015625 -0.25
4276 0.000449233839413 0.0166015625 0.125
1136 0.000440878241227 0.2890625 0.1201171875
4807 0.000427073089603 0.1083984375 0.0
8515 0.000361163700269 -0.1396484375 -0.125
12371 0.000336119555269 -0.2490234375 -0.3828125
9164 0.000336119555269 -0.2509765625 -0.3828125
8879 0.000336119555269 -0.25 -0.3818359375
7908 0.000292103361535 0.4921875 0.2412109375
11242 0.000283204564919 -0.49169921875 -0.24951171875
703 0.000271442938009 0.33642578125 0.109375
4683 0.000266511623322 0.33544921875 0.109375
7503 0.000266511623322 0.3359375 0.10986328125
8378 0.000257467716082 0.3828125 0.74951171875
6058 0.000138376982866 0.437744140625 0.37890625
9184 0.000126330718948 0.566650390625 0.5
12350 0.000109153823064 0.222900390625 0.09375
12676 0.000104999353796 0.218994140625 0.08984375
6761 5.71492327118e-05 0.251953125 0.0311279296875
9321 5.41275461601e-05 0.263671875 0.249877929688
7622 5.41275461601e-05 0.267578125 0.249877929688
3686 4.06272253576e-05 0.015625 0.108520507812
11256 2.2728930419e-05 0.492248535156 0.2412109375
4614 2.11236195027e-05 0.336486816406 0.109375
3661 2.11236195027e-05 0.336364746094 0.109375
4711 2.11236195027e-05 0.33642578125 0.109436035156
4614 703
703 3661
703 4711
7908 11256
6405 3686
9321 9316
7622 1781
8921 6761
8650 12676
6719 12350
9154 9184
852 6058
1136 8483
9078 8255
1136 3265
8378 6822
4716 7503
4716 4683
703 4716
6719 9044
10715 11242
7908 10481
8196 9164
8196 12371
8196 8879
1136 1890
2820 8515
4807 4740
3847 4276
4557 8
3152 3128
6669 5400
5400 8472
5400 5484
5400 6686
5400 6870
2041 7208
2041 7436
2041 3110
2041 11591
2041 11209
2041 6405
5409 8298
5409 8917
4783 3462
7483 3462
5385 3303
3303 6772
3303 12772
3303 8477
213 13
9078 3303
3303 8255
3303 9044
5641 4969
2033 4969
7772 4969
4969 6260
1781 3608
9316 3608
8921 8228
5559 9057
9057 8957
9057 8743
9057 8741
9057 8622
9057 8483
6754 5605
3628 1785
1785 4017
8243 6730
9013 1890
8196 8422
6595 702
1849 702
8195 702
8497 702
702 8299
702 5499
702 8277
702 8542
702 6785
702 8758
702 8434
702 8394
702 8350
702 8914
8470 6694
8650 702
702 3265
6719 702
1653 9088
1653 2843
1653 2836
1653 2833
1653 2831
5050 4130
5050 9
9206 4269
2526 2500
4686 2500
4682 2500
4796 2500
6730 8493
6705 5430
8243 702
6700 5377
5377 9213
9154 5377
8017 3951
8114 3951
11149 3951
6995 3951
10738 3951
8903 5400
5400 6730
9073 6754
4509 6327
852 6327
6656 9057
6922 7290
6922 7291
6922 1970
7529 2521
2521 9374
8372 8220
8220 12360
8220 8709
2498 2500
2501 2500
297 270
297 1843
2907 2498
2907 2501
5400 8228
2041 4969
702 1890
4675 2500
4716 2500
1103 1890
2521 4675
4716 2521
9057 8228
3146 568
1778 568
568 3739
10910 8001
10596 226
5726 226
702 3307
702 6730
5710 10530
10530 7701
10530 6487
5409 6427
4704 2500
6845 11042
8466 11042
11042 3233
11042 8362
11042 8876
11042 7298
11042 8685
11042 8778
11042 6822
2588 5377
6675 8220
3676 3677
8866 8688
9151 1241
11047 2379
2056 1682
6362 6553
549 802
8696 5389
5078 7294
5078 8036
5389 8436
11284 1916
1916 10715
10757 4926
10986 4926
11063 4926
6057 4926
4926 11311
10481 4926
6747 2588
8468 5551
12370 5551
5551 9198
7958 11775
5419 8918
8975 8918
8918 9030
11500 3404
3404 13345
9013 8918
8422 8918
8196 8918
4657 7634
5587 5378
5378 8354
5378 9105
101 7774
3700 10910
38 1225
5378 8493
12435 5511
5511 2471
6656 5378
4058 2554
6795 3301
3301 8377
3301 3220
3301 5518
3301 2820
3301 5605
6675 8918
2895 6869
3550 6648
6401 6407
8404 6730
12400 8584
8885 8584
5400 5378
3269 5397
3269 5394
3269 6882
3269 8980
6746 5377
6661 2602
10742 7194
702 12578
2907 2500
3307 3301
702 5377
10823 6172
2588 5551
173 4694
4678 4694
6847 702
3384 13696
3384 10848
3384 7868
6813 766
2828 4313
5650 6137
5650 13946
5650 13563
5650 6521
5650 7011
2828 4740
3352 3324
9073 5430
2711 8175
2939 8175
702 6747
8903 3352
6259 12097
6259 10618
3847 6259
5401 8918
1706 145
32 145
145 2637
145 46
145 11039
145 3
145 1742
145 225
145 17
145 2572
4557 145
145 3128
237 10789
2521 2500
2554 2500
4704 4694
5409 3352
2041 6259
12578 6747
3301 5401
4688 2500
8043 3796
3677 145
702 568
145 101
7472 7473
2521 2554
38 145
7473 3462
10510 6347
7949 6347
11303 6347
13726 6347
14082 6347
4943 6347
10710 6347
6620 6347
13693 6347
7431 6347
4527 6347
10267 6347
8532 1833
3303 1833
1225 1325
11042 6746
5856 7170
7170 175
7170 5976
7170 13
6813 3273
3352 3273
8918 6427
3803 3356
3356 5705
4459 2500
5378 6427
9070 11042
11042 7738
3356 4969
3356 8228
3796 6347
3976 4790
3976 5051
9057 3356
3976 3608
702 3301
6922 1761
3976 4058
6747 5551
4694 2500
3301 5522
5050 145
6172 6327
3356 6427
1103 145
6259 10942
7178 1740
10430 1740
14486 1740
14275 1740
4376 1740
4374 1740
12251 1740
1740 11078
1740 11030
1785 1740
3384 11846
4688 4694
683 145
145 210
297 145
4628 7473
8043 6395
6347 6463
6081 4358
2055 7893
6108 6347
5003 11775
2828 226
3404 3914
6746 1740
2711 2939
5050 1740
8404 5378
1225 6347
3356 8220
7170 8174
3356 7151
7170 7774
5650 2899
12524 6453
6846 6453
2766 6453
2683 6453
10569 6453
9116 6453
13489 6453
12713 6453
5769 6453
9304 6453
10354 6453
8810 6453
6877 6453
8452 6453
8895 6453
8002 6453
6453 8272
6453 8160
6453 6400
8470 6453
145 11423
145 11422
1653 6453
9471 5511
6661 6453
2602 6453
2907 6453
2568 3356
6091 3549
3512 3549
10242 3549
11458 3549
6665 3549
5033 3549
10390 3549
11333 3549
3549 1784
3549 6745
3549 3578
3549 4492
3549 10265
3549 10557
4269 3549
145 5511
3549 8001
12578 6453
5377 6453
3549 5430
9073 3549
4657 7473
10977 6347
11976 6347
11215 6347
6453 5522
73 1740
10708 1740
6813 3352
6327 6453
9070 3549
3549 7738
1103 6453
568 1740
4628 6453
6453 6463
3301 1833
6747 6453
226 1740
11387 2914
2914 11195
2914 11092
2914 7853
2914 12078
2914 5496
2914 7118
2914 4222
2914 11404
2914 6344
2914 10686
2914 1967
2914 7773
2914 11424
2914 11186
2914 7806
2914 11837
2914 11956
2914 5752
2914 13557
2914 11964
2914 6331
2914 11610
2914 11611
2914 10494
2914 3676
3549 10942
2914 3951
237 6259
237 145
8220 6453
2914 6847
2914 1325
2568 1740
3549 7151
2914 6922
2914 2521
2914 2554
2914 11846
2914 210
2914 683
2914 297
3356 6172
2914 4688
2914 6108
7170 145
2914 8174
2914 7774
4319 6453
2914 1225
4319 3549
3549 226
10530 6453
2914 10708
2914 73
10311 1740
2914 568
11042 6453
11042 3549
3549 6395
2914 10530
6172 1740
2914 2568
2914 6395
145 1740
3976 3356
8346 6453
4755 6453
4795 6453
2895 6453
6401 6453
6648 6453
8584 6453
9471 6453
3549 11722
3549 11499
3549 11418
3269 3549
6813 6453
3352 6453
3356 1740
3549 4694
5650 3549
3549 6259
2914 6530
2914 7782
2914 1746
2914 7194
237 3549
2914 3384
2914 2828
7473 6453
6402 3549
3549 6993
2914 145
3549 7473
3549 6347
3549 1833
2914 6993
2914 6402
7170 3549
2914 1833
3976 6453
2914 7170
3549 3976
10295 3561
6356 3561
2918 3561
3681 3561
6384 3561
6359 3561
2108 3561
8047 3561
6507 3561
3464 3561
10830 3561
11712 3561
8760 3561
3790 3561
5588 3561
10661 3561
6225 3561
7254 3561
3561 14348
3561 8624
3561 10819
3561 2707
3561 7312
3561 10758
3561 7526
3561 7892
3561 7891
3561 6312
3561 12259
3561 13329
3561 6197
3561 4208
3561 7029
3561 4057
3561 10984
3561 5574
3561 1226
3561 4181
3561 7057
3561 6535
3561 2561
3561 3218
3561 10405
3561 5024
3561 167
3561 8680
3561 1968
3561 4513
3561 3239
3561 10464
3561 11255
3561 6337
8866 3561
1241 3561
3561 549
3561 2379
3561 2056
3561 6553
3700 3561
5078 3561
5389 3561
3561 1916
2914 3356
3561 4459
3561 4926
3561 1761
3561 5551
6081 3561
4358 3561
3561 7893
3561 2055
5003 3561
3561 3914
8043 3561
3561 11775
3561 8918
3561 3404
2914 3976
3561 2711
3561 2939
3561 8404
2899 3561
3561 11423
3561 11422
3561 10977
3561 11215
3561 11976
4657 3561
3561 5378
6453 1740
3561 10311
3561 5511
3561 3301
3549 1740
8346 3561
3561 4755
3561 4795
2895 3561
3561 6648
3561 6401
3561 8584
3561 11722
3561 11499
3561 11418
3269 3561
7782 3561
3561 6530
3561 1746
3561 7194
2914 1740
3561 9471
3561 6172
3561 4694
3384 3561
3561 6813
2828 3561
5650 3561
3561 3352
3561 6259
237 3561
3561 6993
3561 6402
3549 6453
3561 7473
3561 6347
3561 1833
7170 3561
2914 6453
3561 3356
2914 3549
3561 3976
3561 1740
3561 6453
3561 3549
2914 3561
