679  894
3561 0.595090970159 0.0 0.0
2914 0.24372895686 0.5 0.0
6453 0.225321664214 0.0 0.5
3549 0.204262910081 0.5 0.5
2548 0.147808470659 0.25 0.0
1740 0.145692781157 0.25 0.25
3976 0.113070927112 0.0 0.25
3356 0.0938497049681 0.25 -0.25
7170 0.0863249124012 0.5 0.25
6347 0.0858708647256 0.25 0.5
1833 0.0806684125231 0.0 -0.25
7473 0.0803977317552 -0.25 0.25
6259 0.0787774298535 -0.25 0.0
6993 0.0760964385566 0.5 -0.25
6402 0.0756956619318 0.75 0.0
237 0.0689301914919 0.125 0.125
11722 0.0687347005832 0.125 0.0
145 0.0667241707378 0.375 0.0
3352 0.0663877334052 0.0 0.125
2895 0.0655760109739 -0.125 0.125
6813 0.0654232597896 0.125 0.25
2828 0.0640087255454 0.125 -0.125
3384 0.063493178243 0.25 0.125
5650 0.0634823059262 0.375 0.125
9471 0.0634169604093 -0.125 0.25
6172 0.062437329831 0.0 -0.125
4694 0.0619614954484 0.125 0.375
7194 0.0611942190689 0.25 -0.125
7782 0.0608719283758 0.125 -0.25
6530 0.0608719283758 0.375 -0.125
1746 0.0608719283758 -0.125 0.0
8584 0.06025946476 0.0 0.375
6401 0.0601697923468 -0.25 0.125
11215 0.0601430304418 -0.125 -0.125
6648 0.0598512193025 -0.125 0.375
12297 0.0598512193025 0.25 0.375
3269 0.0595765488278 0.375 0.25
8346 0.0595360018941 -0.25 0.375
4755 0.0595360018941 -0.25 -0.125
4795 0.0595360018941 -0.375 0.125
11418 0.0580076954218 0.375 0.375
11499 0.0580076954218 0.5 0.125
3301 0.0565370378398 -0.125 -0.25
10830 0.0539109670272 0.0 -0.375
10311 0.053757465826 -0.25 -0.25
5511 0.0534735672497 -0.375 0.0
2578 0.051763314315 -0.375 -0.125
11168 0.0494160252804 0.125 0.5
10977 0.0494160252804 -0.375 0.25
11976 0.0494160252804 0.125 -0.375
5378 0.0494030300481 -0.125 -0.375
4657 0.0492784003734 -0.375 -0.25
3218 0.0488786024154 -0.25 -0.375
11422 0.0486336825627 0.375 -0.25
11423 0.0480261248134 0.25 -0.375
2899 0.0477912769662 0.5 -0.125
11775 0.0475980141354 -0.5 0.0
1270 0.047508837319 0.0 -0.5
5551 0.0473409080364 -0.5 0.125
8404 0.0471968989806 -0.125 -0.5
2711 0.0470983438985 -0.5 -0.125
2939 0.0470983438985 -0.375 -0.375
3404 0.0470617590616 -0.125 0.5
8918 0.0467103777266 0.125 -0.5
5003 0.0466385027685 -0.375 0.375
3914 0.0465995857769 -0.25 0.5
6081 0.0465634164633 0.375 -0.375
3996 0.0465634164633 -0.5 0.25
6380 0.0465634164633 -0.5 -0.25
4358 0.0465634164633 0.25 -0.5
2055 0.0465634164633 -0.25 -0.5
7893 0.0465634164633 -0.375 -0.5
8043 0.0464853185072 0.625 0.0
8428 0.0461091477121 -0.625 0.0
715 0.0458864149393 0.0 0.625
719 0.0454497336044 0.0 -0.625
4926 0.0453983573513 0.5 0.375
1761 0.0447852840227 -0.5 0.375
6086 0.0447057369871 0.5 -0.375
4459 0.0443757860025 -0.5 -0.375
1916 0.0436449051091 0.375 0.5
4513 0.043643675137 -0.375 0.5
5078 0.043643675137 0.375 -0.5
5389 0.043643675137 0.625 0.125
549 0.043643675137 -0.625 0.125
3700 0.0434927221975 0.625 -0.125
8866 0.0434126015192 -0.625 -0.125
1241 0.0434126015192 0.125 0.625
2379 0.0434126015192 -0.125 0.625
2056 0.0434126015192 0.125 -0.625
6553 0.0434126015192 -0.125 -0.625
10295 0.0431839618658 0.625 0.25
167 0.0431839618658 -0.625 0.25
6356 0.0431839618658 0.625 -0.25
2918 0.0431839618658 -0.625 -0.25
3681 0.0431839618658 0.25 0.625
6384 0.0431839618658 -0.25 0.625
6359 0.0431839618658 0.25 -0.625
2108 0.0431839618658 -0.25 -0.625
5574 0.0431839618658 -0.5 0.5
6507 0.0431839618658 0.5 -0.5
10632 0.0431839618658 -0.5 -0.5
3464 0.0431839618658 0.625 0.375
8047 0.0431839618658 -0.625 0.375
11712 0.0431839618658 0.625 -0.375
8760 0.0431839618658 -0.625 -0.375
10345 0.0431839618658 0.375 0.625
3790 0.0431839618658 -0.375 0.625
5588 0.0431839618658 0.375 -0.625
10661 0.0431839618658 -0.375 -0.625
6225 0.0431839618658 -0.75 0.0
7254 0.0431839618658 0.0 0.75
7312 0.0431839618658 0.0 -0.75
13390 0.0431839618658 0.75 0.125
3846 0.0431839618658 -0.75 0.125
6312 0.0431839618658 0.75 -0.125
3392 0.0431839618658 -0.75 -0.125
10464 0.0431839618658 0.125 0.75
1226 0.0431839618658 -0.125 0.75
4181 0.0431839618658 0.125 -0.75
6535 0.0431839618658 -0.125 -0.75
13329 0.0431839618658 0.75 0.25
10405 0.0431839618658 -0.75 0.25
1968 0.0431839618658 0.75 -0.25
3239 0.0431839618658 -0.75 -0.25
8624 0.0431839618658 0.25 0.75
2707 0.0431839618658 -0.25 0.75
10758 0.0431839618658 0.25 -0.75
7029 0.0431839618658 -0.25 -0.75
4057 0.0431839618658 0.625 0.5
10984 0.0431839618658 -0.625 0.5
7057 0.0431839618658 0.625 -0.5
2561 0.0431839618658 -0.625 -0.5
5024 0.0431839618658 0.5 0.625
6197 0.0431839618658 -0.5 0.625
11255 0.0431839618658 0.5 -0.625
14348 0.0431839618658 -0.5 -0.625
13638 0.0431839618658 0.75 0.375
10819 0.0431839618658 -0.75 0.375
7891 0.0431839618658 0.75 -0.375
8680 0.0431839618658 -0.75 -0.375
8134 0.0431839618658 0.375 0.75
8133 0.0431839618658 -0.375 0.75
12259 0.0431839618658 0.375 -0.75
7526 0.0431839618658 -0.375 -0.75
7892 0.0431839618658 0.875 0.0
12044 0.0431839618658 -0.875 0.0
13343 0.0431839618658 0.0 0.875
6337 0.0431839618658 0.0 -0.875
4208 0.0431839618658 0.875 0.125
11042 0.0403073495095 0.125 0.875
6395 0.0358855118854 0.5 0.1875
2568 0.0350725742223 0.375 0.0625
10530 0.0348644234817 0.25 0.1875
226 0.0339088857278 0.3125 0.3125
4319 0.0311757735842 0.1875 0.4375
568 0.0303940842017 0.4375 0.0625
10708 0.0282614704701 0.4375 0.125
73 0.0282614704701 0.5 0.0625
5568 0.02670271588 -0.0625 0.3125
1225 0.0258271553714 0.4375 0.1875
7774 0.0244331616984 0.5625 0.0625
8220 0.0240665390922 0.0625 0.25
8174 0.0239530582658 0.5625 0.125
6108 0.0239200299246 0.375 0.1875
2603 0.023488281564 0.0625 0.375
6747 0.0234426556859 -0.0625 0.375
4688 0.0233767573555 0.4375 0.0
297 0.0230356603541 0.5 -0.0625
702 0.0227698686632 0.0 -0.3125
6463 0.0227036778039 0.0625 0.5
683 0.0225301294576 0.4375 -0.0625
210 0.0225301294576 0.5625 0.0
11846 0.0222960796551 0.375 -0.0625
4628 0.0221869450418 -0.0625 0.4375
2554 0.0221036167877 0.5625 -0.0625
6922 0.0220655056279 0.3125 0.0
6850 0.0217566243818 0.0 0.3125
1103 0.0217127942175 0.0625 0.4375
7151 0.0216348373081 0.4375 0.25
6327 0.0212193463821 0.0 0.4375
2521 0.0211047050089 0.625 -0.0625
12578 0.0210030239189 -0.0625 0.5
2041 0.0209699526027 0.125 -0.0625
10942 0.0205410326929 0.25 0.3125
5522 0.0204553280662 0.0625 0.3125
5377 0.0199890443487 0.125 0.4375
1325 0.0195622813543 0.625 0.0625
6847 0.0194432918925 0.4375 -0.125
1653 0.0185450165399 0.0 0.46875
2683 0.0184747356677 -0.03125 0.46875
3951 0.0182651526518 0.53125 0.0
5669 0.0182410054205 0.46875 0.0
3676 0.0181348983916 0.5 0.03125
8810 0.017930949789 0.03125 0.46875
2907 0.0179054649691 0.03125 0.5
6906 0.0178762894529 -0.03125 0.5
9070 0.0177489194023 0.4375 0.53125
7738 0.0177489194023 0.4375 0.5625
11387 0.01768796651 0.5 -0.03125
11610 0.01768796651 0.53125 0.03125
11611 0.01768796651 0.46875 0.03125
3807 0.01768796651 0.53125 -0.03125
5798 0.01768796651 0.46875 -0.03125
11186 0.01768796651 0.5625 0.03125
11404 0.01768796651 0.4375 0.03125
7773 0.01768796651 0.5625 -0.03125
5496 0.01768796651 0.4375 -0.03125
7853 0.01768796651 0.53125 0.0625
10494 0.01768796651 0.46875 0.0625
5752 0.01768796651 0.53125 -0.0625
10686 0.01768796651 0.46875 -0.0625
12078 0.01768796651 0.59375 0.0
4222 0.01768796651 0.40625 0.0
11092 0.01768796651 0.5 0.09375
11424 0.01768796651 0.5 -0.09375
11837 0.01768796651 0.59375 0.03125
11964 0.01768796651 0.40625 0.03125
1967 0.01768796651 0.59375 -0.03125
11195 0.01768796651 0.40625 -0.03125
7118 0.01768796651 0.53125 0.09375
7806 0.01768796651 0.46875 0.09375
13557 0.01768796651 0.53125 -0.09375
3819 0.01768796651 0.46875 -0.09375
11956 0.01768796651 0.59375 0.0625
11509 0.01768796651 0.40625 0.0625
6344 0.01768796651 0.59375 -0.0625
6331 0.01768796651 0.40625 -0.0625
6661 0.0176316107475 0.0 0.53125
2602 0.0176316107475 0.03125 0.53125
2764 0.0170752458028 -0.03125 0.53125
8551 0.0168468632409 0.0 0.5625
8470 0.0166244544483 0.0625 0.53125
7303 0.0165261172098 -0.0625 0.53125
9073 0.0164555432196 0.53125 0.5
12097 0.0164443042983 0.0625 0.0
2500 0.0164232135412 0.09375 0.0625
9079 0.0163520400283 0.0625 0.46875
6846 0.0163520400283 -0.0625 0.46875
12524 0.0163520400283 0.03125 0.5625
2766 0.0163520400283 -0.03125 0.5625
10569 0.0163520400283 0.03125 0.4375
8160 0.0163520400283 -0.03125 0.4375
9116 0.0163520400283 0.0625 0.5625
13489 0.0163520400283 -0.0625 0.5625
6877 0.0163520400283 0.09375 0.5
12713 0.0163520400283 -0.09375 0.5
9304 0.0163520400283 0.0 0.59375
10354 0.0163520400283 0.0 0.40625
5769 0.0163520400283 0.09375 0.53125
8452 0.0163520400283 -0.09375 0.53125
8895 0.0163520400283 0.09375 0.46875
12632 0.0163520400283 -0.09375 0.46875
8002 0.0163520400283 0.03125 0.59375
8272 0.0163520400283 -0.03125 0.59375
6400 0.0163520400283 0.03125 0.40625
5639 0.0163520400283 -0.03125 0.40625
5430 0.0161884789187 0.5 0.53125
5050 0.015579776122 0.28125 0.15625
8001 0.0151324938876 0.46875 0.5
6746 0.0149493561595 0.1875 0.375
4269 0.0149022194876 0.5 0.46875
6091 0.014823733556 0.53125 0.53125
3512 0.014823733556 0.46875 0.53125
10242 0.014823733556 0.53125 0.46875
11458 0.014823733556 0.46875 0.46875
6665 0.014823733556 0.5625 0.5
5033 0.014823733556 0.4375 0.5
10390 0.014823733556 0.5 0.5625
11333 0.014823733556 0.5 0.4375
6745 0.014823733556 0.5625 0.53125
3578 0.014823733556 0.5625 0.46875
1784 0.014823733556 0.4375 0.46875
10265 0.014823733556 0.53125 0.5625
10557 0.014823733556 0.46875 0.5625
4492 0.014823733556 0.53125 0.4375
6427 0.0144700781481 0.09375 -0.34375
7958 0.0141815460641 0.09375 0.0
1290 0.0135083086483 -0.03125 0.15625
7291 0.0123283273184 0.28125 0.0
7908 0.0118695968478 0.21875 0.0
2915 0.0117653280968 0.21875 0.21875
11256 0.0115883942983 0.25 0.03125
4323 0.0107838007595 0.25 -0.03125
4911 0.0107838007595 0.28125 0.03125
10399 0.0107838007595 0.21875 0.03125
6592 0.0107270051614 0.28125 -0.03125
5779 0.0107270051614 0.21875 -0.03125
4958 0.0107270051614 0.1875 0.0
11226 0.0107270051614 0.25 0.0625
11538 0.0107270051614 0.25 -0.0625
2860 0.0107270051614 0.3125 0.03125
10882 0.0107270051614 0.1875 0.03125
7132 0.0107270051614 0.3125 -0.03125
13972 0.0107270051614 0.1875 -0.03125
12131 0.0107270051614 0.28125 0.0625
8189 0.0107270051614 0.21875 0.0625
6130 0.0107270051614 0.28125 -0.0625
10826 0.0107270051614 0.21875 -0.0625
10829 0.0107270051614 0.3125 0.0625
4306 0.0107270051614 0.1875 0.0625
7968 0.0107270051614 0.3125 -0.0625
9095 0.0107270051614 0.1875 -0.0625
13998 0.0107270051614 0.34375 0.0
11299 0.0107270051614 0.15625 0.0
2018 0.0107270051614 0.25 0.09375
7292 0.0107270051614 0.25 -0.09375
6223 0.0107270051614 0.34375 0.03125
6128 0.0107270051614 0.15625 0.03125
6061 0.0107270051614 0.34375 -0.03125
10424 0.0107270051614 0.15625 -0.03125
7426 0.0107270051614 0.28125 0.09375
10252 0.0107270051614 0.21875 0.09375
7161 0.0107270051614 0.28125 -0.09375
8079 0.0107270051614 0.21875 -0.09375
11174 0.0107270051614 0.34375 0.0625
6181 0.0107270051614 0.15625 0.0625
1785 0.0106860657444 0.28125 0.25
10583 0.0105735039601 0.21875 0.25
7178 0.0105735039601 0.25 0.28125
4376 0.0105735039601 0.25 0.21875
10430 0.0105735039601 0.28125 0.28125
14486 0.0105735039601 0.21875 0.28125
14275 0.0105735039601 0.28125 0.21875
4374 0.0105735039601 0.3125 0.25
12251 0.0105735039601 0.1875 0.25
11030 0.0105735039601 0.3125 0.28125
11078 0.0105735039601 0.1875 0.28125
4058 0.00981018097005 0.0625 0.1875
3796 0.00960587523406 0.375 0.3125
3273 0.00956633046072 0.03125 0.15625
5409 0.00941552032621 0.0 -0.15625
4969 0.00851220553402 0.21875 -0.203125
299 0.0083718959876 0.375 -0.09375
3608 0.00829388904023 0.015625 0.25
5051 0.00820606260638 -0.015625 0.25
4790 0.00820606260638 0.0 0.265625
9057 0.00802233966593 0.265625 -0.25
8228 0.00780396286687 0.25 -0.234375
5401 0.00749345063336 0.0 -0.359375
8175 0.00683655732347 -0.4375 -0.25
3803 0.00681110375213 0.234375 -0.25
5705 0.00681110375213 0.25 -0.265625
38 0.0067164777919 0.390625 0.046875
101 0.00661530613148 0.421875 0.015625
2588 0.00658785626204 -0.234375 0.25
13 0.00629826330677 0.515625 0.25
6754 0.00629705518995 0.203125 -0.1875
5856 0.00626509175579 0.484375 0.25
22 0.00626509175579 0.5 0.265625
175 0.00626509175579 0.5 0.234375
5976 0.00626509175579 0.515625 0.265625
10510 0.00623206341459 0.234375 0.484375
7949 0.00623206341459 0.25 0.484375
4527 0.00623206341459 0.234375 0.5
3737 0.00623206341459 0.265625 0.5
11303 0.00623206341459 0.25 0.515625
11282 0.00623206341459 0.265625 0.484375
4943 0.00623206341459 0.234375 0.515625
10710 0.00623206341459 0.25 0.46875
6620 0.00623206341459 0.21875 0.5
13693 0.00623206341459 0.28125 0.5
7431 0.00623206341459 0.234375 0.46875
10267 0.00623206341459 0.21875 0.484375
14082 0.00623206341459 0.265625 0.515625
13726 0.00623206341459 0.25 0.53125
7737 0.00623206341459 0.265625 0.46875
3677 0.00615825199802 0.390625 0.0
3303 0.00612669993511 0.015625 -0.25
3462 0.0058970215819 -0.265625 0.25
6730 0.00588931346616 -0.078125 -0.4375
8532 0.00585453974606 -0.015625 -0.25
7472 0.00583490501354 -0.25 0.265625
3847 0.00577816368775 -0.234375 0.0
3307 0.00575566867835 -0.078125 -0.265625
10618 0.0057172991369 -0.265625 0.0
4704 0.00568879084553 0.109375 0.296875
8885 0.00559605939666 0.0 0.421875
11275 0.00552276191655 0.515625 -0.25
8903 0.00518752184732 0.015625 0.125
6675 0.00516731806524 0.09375 -0.234375
766 0.00516596999159 0.140625 0.25
1741 0.00515413350776 0.015625 -0.28125
5400 0.00508975601908 -0.0625 -0.3125
10789 0.0050026846702 0.140625 0.125
4557 0.00486780020169 0.359375 0.0
3128 0.00486780020169 0.375 0.015625
1706 0.00484216294759 0.375 -0.015625
32 0.00484216294759 0.390625 0.015625
2572 0.00484216294759 0.359375 0.015625
17 0.00484216294759 0.390625 -0.015625
1312 0.00484216294759 0.359375 -0.015625
3 0.00484216294759 0.375 0.03125
160 0.00484216294759 0.375 -0.03125
2637 0.00484216294759 0.40625 0.015625
11039 0.00484216294759 0.34375 0.015625
225 0.00484216294759 0.40625 -0.015625
1742 0.00484216294759 0.34375 -0.015625
46 0.00484216294759 0.390625 0.03125
3324 0.00481816505632 -0.015625 0.125
6869 0.00475925354443 -0.109375 0.125
4740 0.00467012537643 0.140625 -0.125
4313 0.00464552881858 0.1328125 -0.125
7868 0.00460811314507 0.2578125 0.125
10848 0.00460811314507 0.2421875 0.125
13696 0.00460811314507 0.25 0.1328125
13946 0.00460731510035 0.3828125 0.125
6137 0.00460731510035 0.375 0.1328125
13563 0.00460731510035 0.375 0.1171875
6521 0.00460731510035 0.3671875 0.125
7011 0.00460731510035 0.3828125 0.1328125
6114 0.00460731510035 0.3828125 0.1171875
5605 0.00456025645695 -0.0859375 -0.2421875
10823 0.00453144427079 0.0078125 -0.125
173 0.00449696670885 0.1328125 0.375
4678 0.00449696670885 0.1171875 0.375
10742 0.00444126674043 0.2578125 -0.125
12400 0.00437343717038 0.0 0.3828125
11342 0.00436692938899 -0.2421875 0.1171875
6407 0.00436692938899 -0.2421875 0.125
3550 0.00434380790825 -0.125 0.3671875
8226 0.00434380790825 0.25 0.3671875
6840 0.00432388444742 0.3671875 0.2421875
8980 0.00432388444742 0.3671875 0.25
5394 0.00432388444742 0.375 0.2421875
6882 0.00432388444742 0.375 0.2578125
5397 0.00432388444742 0.3828125 0.25
10910 0.00425483812246 0.578125 0.03125
6656 0.00416773035482 -0.0703125 -0.3515625
10481 0.00415633056565 0.4375 0.296875
2820 0.00412501363434 -0.1171875 -0.25
6795 0.00410328803788 -0.1328125 -0.25
8377 0.00410328803788 -0.125 -0.2421875
3220 0.00410328803788 -0.125 -0.2578125
5518 0.00410328803788 -0.1171875 -0.2421875
8493 0.00401293711481 -0.1171875 -0.375
8196 0.00397002078321 0.1328125 -0.5
7855 0.0038809585152 -0.3671875 0.0
12435 0.0038809585152 -0.3828125 0.0
2471 0.0038809585152 -0.375 0.0078125
7701 0.00376938982634 0.15625 0.296875
8482 0.00375680282411 -0.3671875 -0.125
9164 0.00373620320618 0.0078125 -0.5
8422 0.00367825557672 0.125 -0.4921875
9013 0.00364586799806 0.1171875 -0.5
288 0.00362241323795 0.265625 0.1796875
12676 0.00358692559363 -0.0078125 -0.5
5587 0.00358554721175 -0.1328125 -0.375
8354 0.00358554721175 -0.125 -0.3671875
9105 0.00358554721175 -0.125 -0.3828125
7634 0.00357648734263 -0.3671875 -0.25
1890 0.00352335794699 0.03125 0.0078125
8864 0.00344811022495 0.0 -0.4921875
12506 0.00344811022495 0.0 -0.5078125
5621 0.00344811022495 0.0078125 -0.4921875
12292 0.00344811022495 -0.0078125 -0.4921875
8468 0.00343591362689 -0.4921875 0.125
12370 0.00343591362689 -0.5078125 0.125
9198 0.00343591362689 -0.5 0.1328125
8773 0.00343591362689 -0.5 0.1171875
11500 0.00341562391105 -0.1171875 0.5
13345 0.00341562391105 -0.1328125 0.5
5419 0.00339016259548 0.125 -0.5078125
8975 0.00339016259548 0.1328125 -0.4921875
9030 0.00339016259548 0.1171875 -0.4921875
11123 0.00333035023322 0.0078125 0.625
790 0.00329866306252 0.0078125 -0.625
7005 0.00329494142877 0.5 0.3828125
705 0.00329494142877 0.5078125 0.375
10757 0.00329494142877 0.4921875 0.375
10986 0.00329494142877 0.5 0.3671875
11063 0.00329494142877 0.5078125 0.3828125
6057 0.00329494142877 0.4921875 0.3828125
10605 0.00329494142877 0.5078125 0.3671875
11311 0.00329494142877 0.4921875 0.3671875
10715 0.00318444751574 0.3828125 0.5
11284 0.00316767563117 0.375 0.5078125
10450 0.00316758635598 -0.3828125 0.5
239 0.00316758635598 -0.6171875 0.125
4136 0.00316758635598 -0.375 0.5078125
8436 0.00316758635598 0.6328125 0.125
8696 0.00316758635598 0.6171875 0.125
7294 0.00316758635598 0.3828125 -0.5
802 0.00316758635598 -0.6328125 0.125
8036 0.00316758635598 0.3671875 -0.5
9151 0.0031508149441 0.1328125 0.625
11047 0.0031508149441 -0.1171875 0.625
6362 0.0031508149441 -0.1171875 -0.625
1682 0.0031508149441 0.1328125 -0.625
8688 0.0031508149441 -0.6171875 -0.125
6822 0.00294067358037 0.125 0.8828125
6845 0.0029251858463 0.1328125 0.875
8466 0.0029251858463 0.1171875 0.875
8876 0.0029251858463 0.125 0.8671875
8685 0.0029251858463 0.1328125 0.8828125
3233 0.0029251858463 0.1171875 0.8828125
7298 0.0029251858463 0.1328125 0.8671875
8362 0.0029251858463 0.1171875 0.8671875
8778 0.0029251858463 0.125 0.890625
9102 0.0029251858463 0.140625 0.875
4716 0.00276740175632 0.390625 -0.0078125
4675 0.00272344239434 0.3984375 -0.0078125
1849 0.00263266314028 -0.0078125 -0.1328125
5523 0.0025472415988 0.0078125 0.4921875
10296 0.00253019509677 0.25 0.1796875
5710 0.00253019509677 0.2578125 0.1875
6487 0.00253019509677 0.2421875 0.1875
2498 0.00249127277992 0.0546875 0.2890625
2501 0.00249127277992 0.0625 0.2890625
10596 0.00246078456106 0.3203125 0.3125
5655 0.00246078456106 0.3046875 0.3125
5726 0.00246078456106 0.3125 0.3203125
3146 0.00220575257071 0.4375 0.05859375
1778 0.00220575257071 0.44140625 0.0625
3739 0.00220575257071 0.43359375 0.0625
8933 0.00213468252014 0.07421875 0.3515625
8243 0.00207977054353 -0.015625 -0.3359375
3267 0.00207864095586 0.05078125 0.25390625
3335 0.00193783772544 -0.05859375 0.3125
3389 0.00193783772544 -0.0625 0.31640625
8623 0.00193783772544 -0.0625 0.30859375
5480 0.00193783772544 -0.06640625 0.3125
5471 0.00193783772544 -0.05859375 0.31640625
8650 0.00191266723887 0.0 -0.3359375
9126 0.00190337765748 0.06640625 0.25
12360 0.00188468508844 0.0625 0.25390625
8267 0.00185926342634 0.05859375 0.37109375
8323 0.0018395477845 0.0625 0.37109375
8372 0.00174655177367 0.05859375 0.25
8709 0.00174655177367 0.0625 0.24609375
6719 0.0017025825283 0.00390625 -0.3125
3265 0.00168302873491 -0.00390625 -0.3125
270 0.00167176330585 0.50390625 -0.0625
1843 0.00167176330585 0.49609375 -0.0625
5493 0.00166112929012 0.0 -0.30859375
6595 0.00165238064047 0.0 -0.31640625
8195 0.00165238064047 0.00390625 -0.30859375
8434 0.00165238064047 -0.00390625 -0.30859375
8497 0.00165238064047 0.00390625 -0.31640625
5499 0.00165238064047 -0.00390625 -0.31640625
6785 0.00165238064047 0.0078125 -0.3125
8758 0.00165238064047 -0.0078125 -0.3125
8299 0.00165238064047 0.0 -0.3046875
8542 0.00165238064047 0.0 -0.3203125
8277 0.00165238064047 0.0078125 -0.30859375
8914 0.00165238064047 -0.0078125 -0.30859375
8350 0.00165238064047 0.0078125 -0.31640625
9034 0.00165238064047 -0.0078125 -0.31640625
8394 0.00165238064047 0.00390625 -0.3046875
3766 0.00164764395521 0.06640625 0.5
7290 0.00160132215692 0.30859375 0.0
1970 0.00160132215692 0.3125 0.00390625
852 0.00154807529331 0.00390625 0.4375
4509 0.00153992200685 -0.00390625 0.4375
13937 0.00153992200685 0.0 0.44140625
7529 0.00153161825767 0.62890625 -0.0625
9374 0.00153161825767 0.62109375 -0.0625
6405 0.00152983228188 0.12890625 -0.0625
11591 0.00152177512126 0.12109375 -0.0625
3110 0.00152177512126 0.125 -0.05859375
11209 0.00152177512126 0.125 -0.06640625
7208 0.00152177512126 0.12890625 -0.05859375
7436 0.00152177512126 0.12109375 -0.05859375
9154 0.00145834709326 0.125 0.44140625
9202 0.00145066635307 0.12890625 0.4375
6700 0.00145066635307 0.12109375 0.4375
9213 0.00145066635307 0.125 0.43359375
6067 0.00141852100075 0.44140625 -0.125
4682 0.00137934775932 0.09765625 0.0625
2836 0.00134585744256 0.0 0.47265625
2833 0.00134585744256 0.00390625 0.46875
2831 0.00134585744256 -0.00390625 0.46875
2843 0.00134585744256 0.0 0.46484375
9088 0.00134585744256 0.00390625 0.47265625
8114 0.00132554301744 0.53515625 0.0
8017 0.00132554301744 0.52734375 0.0
11149 0.00132554301744 0.53125 0.00390625
6995 0.00132554301744 0.53125 -0.00390625
10738 0.00132554301744 0.53515625 0.00390625
11649 0.00132554301744 0.52734375 0.00390625
9086 0.00132379256142 0.46484375 0.0
4732 0.00129192974691 0.09375 0.06640625
4725 0.00129192974691 0.09375 0.05859375
7704 0.00123919472958 -0.02734375 0.53125
7637 0.00123919472958 -0.03515625 0.53125
9544 0.00123919472958 -0.03125 0.53515625
7647 0.00123919472958 -0.03125 0.52734375
4854 0.00123919472958 -0.02734375 0.53515625
8742 0.00122262222628 0.00390625 0.5625
6694 0.00120647964988 0.0625 0.52734375
10983 0.00119934303301 -0.05859375 0.53125
4967 0.00119934303301 -0.06640625 0.53125
2526 0.00119182413668 0.08984375 0.0625
4686 0.00119182413668 0.09765625 0.06640625
4796 0.00119182413668 0.08984375 0.06640625
6705 0.00117484124457 0.50390625 0.53125
8520 0.00117484124457 0.49609375 0.53125
4130 0.00113065210101 0.283203125 0.15625
9 0.00113065210101 0.28125 0.158203125
9206 0.00108149517612 0.498046875 0.46875
5631 0.00098028249981 -0.029296875 0.15625
11756 0.000782587104057 0.251953125 -0.03125
2933 0.000782587104057 0.216796875 0.03125
4203 0.000782587104057 0.283203125 0.03125
3628 0.000775490802734 0.283203125 0.25
4017 0.000775490802734 0.279296875 0.25
8298 0.00068326458872 0.001953125 -0.15625
8917 0.00068326458872 -0.001953125 -0.15625
2033 0.000617736524525 0.220703125 -0.203125
7772 0.000617736524525 0.216796875 -0.203125
5641 0.000617736524525 0.21875 -0.201171875
6260 0.000617736524525 0.21875 -0.205078125
8483 0.000612831237509 0.267578125 -0.25
3256 0.000612786839155 0.263671875 -0.25
9316 0.000605071826406 0.017578125 0.25
1781 0.000605071826406 0.013671875 0.25
5559 0.000582183143073 0.265625 -0.248046875
6751 0.000582183143073 0.265625 -0.251953125
8622 0.000582183143073 0.267578125 -0.248046875
8743 0.000582183143073 0.263671875 -0.248046875
8741 0.000582183143073 0.267578125 -0.251953125
8957 0.000582183143073 0.263671875 -0.251953125
8921 0.000569334256429 0.25 -0.2353515625
9044 0.000568173248934 0.0126953125 -0.2626953125
9078 0.000479399120154 0.0146484375 -0.2490234375
8255 0.000479399120154 0.0146484375 -0.25
213 0.000457054133465 0.5166015625 0.25
9119 0.000444606332078 0.015625 -0.2490234375
5385 0.000444606332078 0.0166015625 -0.25
8477 0.000444606332078 0.015625 -0.2509765625
12772 0.000444606332078 0.0166015625 -0.2490234375
6772 0.000444606332078 0.0146484375 -0.2509765625
4783 0.000427938147028 -0.2646484375 0.2490234375
7483 0.000427938147028 -0.2646484375 0.25
1136 0.000422329441204 0.0458984375 -0.111328125
3305 0.000421674277767 0.111328125 -0.2353515625
3674 0.000419313795358 -0.2353515625 0.0
4276 0.000419313795358 -0.234375 0.0009765625
6669 0.000369356790995 -0.0615234375 -0.3125
5484 0.000369356790995 -0.0634765625 -0.3125
6686 0.000369356790995 -0.0625 -0.3115234375
6870 0.000369356790995 -0.0625 -0.3134765625
8472 0.000369356790995 -0.0615234375 -0.3115234375
3152 0.000353280841823 0.3759765625 0.015625
8 0.000353280841823 0.3603515625 0.0
4807 0.000338898738275 0.1416015625 -0.125
8515 0.000299339041527 -0.1162109375 -0.25
8501 0.000291382722117 0.06640625 0.3603515625
12371 0.000288092981235 0.13330078125 -0.5
8879 0.000288092981235 0.13232421875 -0.5
11242 0.00023108012992 0.38330078125 0.5
8378 0.00021341214834 0.12548828125 0.8828125
703 0.000204064598691 0.39111328125 -0.0078125
4683 0.000200840326707 0.39013671875 -0.0078125
7503 0.000200840326707 0.390625 -0.00732421875
5408 0.000159108662562 0.07470703125 0.3515625
8756 0.000154918748151 0.07373046875 0.3515625
1930 0.000154918748151 0.07421875 0.35205078125
5517 0.000138133314764 0.06640625 0.249755859375
8687 0.000138133314764 0.066650390625 0.25
12350 0.000123566916856 0.00390625 -0.312744140625
5382 0.000120558670821 0.0 -0.308837890625
6058 0.000112348501445 0.004150390625 0.4375
3686 0.00011102859428 0.12890625 -0.062255859375
9184 0.000105834182444 0.125244140625 0.44140625
7506 0.000102944742043 0.441650390625 -0.125
9321 4.39132169268e-05 0.0177001953125 0.25
7622 4.39132169268e-05 0.0137939453125 0.25
6761 4.13191806768e-05 0.250122070312 -0.2353515625
8527 3.06036960823e-05 0.111389160156 -0.2353515625
12423 2.11464382287e-05 0.0664672851562 0.3603515625
4614 1.48091113459e-05 0.391082763672 -0.00778198242188
3661 1.48091113459e-05 0.391082763672 -0.0078125
4711 1.48091113459e-05 0.39111328125 -0.00778198242188
6844 1.15468747004e-05 0.0747375488281 0.3515625
12402 1.15468747004e-05 0.0746765136719 0.3515625
5470 1.15468747004e-05 0.07470703125 0.351593017578
3329 1.15468747004e-05 0.07470703125 0.351531982422
3268 1.15468747004e-05 0.0747375488281 0.351593017578
6844 5408
12402 5408
5408 5470
5408 3329
5408 3268
4614 703
703 3661
703 4711
8501 12423
8527 3305
8921 6761
9316 9321
7622 1781
7506 6067
9154 9184
6405 3686
852 6058
5382 5493
6719 12350
9078 8255
3256 3305
1136 8483
9126 8687
9126 5517
8933 8756
8933 1930
8933 5408
8501 8267
4716 4683
4716 7503
703 4716
8933 8501
8378 6822
1136 3265
10715 11242
6719 9044
8196 12371
8196 8879
2820 8515
1136 1890
4807 4740
4557 8
3152 3128
4732 4682
4725 4682
6669 5400
5400 8472
5400 5484
5400 6686
5400 6870
6675 3305
3674 3847
3847 4276
4783 3462
7483 3462
9119 3303
5385 3303
8477 3303
12772 3303
6772 3303
213 13
9078 3303
8255 3303
8323 8267
9044 3303
9126 12360
8921 8228
5559 9057
6751 9057
9057 8957
9057 8743
9057 8622
9057 8741
3256 9057
9057 8483
9316 3608
1781 3608
2033 4969
7772 4969
4969 6260
4969 5641
5409 8298
5409 8917
8650 12676
3628 1785
1785 4017
4323 11756
4911 4203
10399 2933
3267 1741
8933 766
8243 6730
9013 1890
1290 5631
8196 8422
8196 9164
4269 9206
5050 4130
5050 9
766 288
6705 5430
5430 8520
2526 2500
4686 2500
4796 2500
7303 4967
7303 10983
8470 6694
8742 8551
2764 7704
2764 7637
2764 7647
2764 9544
2764 4854
4732 2500
4725 2500
4682 2500
6730 8493
5669 9086
8114 3951
8017 3951
11149 3951
6995 3951
3951 10738
3951 11649
1653 9088
1653 2843
1653 2836
1653 2833
1653 2831
8903 5400
6847 6067
6754 5605
9202 5377
6700 5377
5377 9213
9154 5377
5400 6730
2041 7208
2041 7436
2041 3110
2041 11591
2041 11209
2041 6405
7529 2521
2521 9374
4509 6327
13937 6327
852 6327
6656 9057
6922 7290
6922 1970
1849 1290
3766 6463
6595 702
8195 702
8434 702
8497 702
702 8299
702 5499
702 9034
702 8277
702 8542
702 6785
702 8394
702 8758
702 8350
702 8914
702 5493
702 3265
297 270
297 1843
6719 702
5400 8228
2498 2500
2501 2500
8372 8220
8220 8709
8470 5523
8323 2603
8650 702
8267 2603
2907 2498
2907 2501
4675 2500
8220 12360
4716 2500
9126 8220
2683 5523
8243 702
2603 3267
10481 7908
8933 2603
3335 5568
3389 5568
8623 5568
5480 5568
5471 5568
2521 4675
4716 2521
702 1849
9057 8228
2764 7701
10910 8001
3146 568
1778 568
568 3739
1103 1890
1103 288
702 1890
10596 226
5655 226
5726 226
297 288
10296 10530
5710 10530
10530 6487
4704 2500
8885 8551
9073 6754
3676 3677
6754 5669
6845 11042
8466 11042
11042 3233
11042 8362
11042 8876
11042 7298
11042 9102
11042 8685
11042 8778
11042 6822
2603 1741
6675 8220
702 3307
10530 7701
2588 5377
702 6730
5409 6427
8866 8688
9151 1241
11047 2379
2056 1682
6362 6553
11256 7908
239 549
5078 7294
5078 8036
5389 8696
5389 8436
549 802
10450 4513
4513 4136
11284 1916
1916 10715
7005 4926
4926 705
4926 11063
4926 10986
4926 10605
4926 6057
4926 11311
4926 10757
719 790
715 11123
6747 2588
5419 8918
8975 8918
8918 9030
11500 3404
3404 13345
101 7774
8468 5551
12370 5551
5551 8773
5551 9198
8864 1270
1270 12506
1270 12292
1270 5621
9013 8918
1270 12676
8422 8918
38 1225
4657 7634
5587 5378
5378 8354
5378 9105
1270 9164
2041 4969
3700 10910
8196 8918
4926 10481
2915 2500
2578 8482
5378 8493
6656 5378
7855 5511
12435 5511
5511 2471
4058 2554
6795 3301
3301 8377
3301 3220
3301 5518
3301 2820
719 1741
6675 8918
5400 5378
6840 3269
3269 5397
3269 5394
3269 6882
3269 8980
3301 5605
3550 6648
8226 12297
11342 6401
6401 6407
12400 8584
9073 5430
10742 7194
6922 7291
8404 6730
173 4694
4678 4694
10823 6172
5650 6114
5650 6137
5650 13946
5650 13563
5650 6521
5650 7011
3384 13696
3384 10848
3384 7868
2907 2500
2828 4313
2554 1290
6746 5377
2828 4740
6754 1270
6661 2602
2588 5551
6869 2895
3352 3324
2711 8175
2939 8175
1706 145
32 145
145 2637
145 46
145 11039
145 3
145 1312
145 1742
145 225
145 160
145 17
145 2572
4557 145
145 3128
3307 3301
8885 8584
6813 766
8903 3352
237 10789
2521 2500
5401 8918
4704 4694
2554 2500
12578 6906
4688 2500
6850 8810
299 11422
3677 145
11275 6993
3301 5401
1653 2603
101 145
6847 702
3796 8043
1270 5409
38 145
6259 10618
702 5377
3847 6259
2521 2554
7472 7473
8532 1833
7473 3462
702 12578
12578 6747
2683 5568
1833 3303
1225 1325
702 6747
10510 6347
7949 6347
4527 6347
3737 6347
11303 6347
11282 6347
4943 6347
10710 6347
6620 6347
13693 6347
7431 6347
10267 6347
14082 6347
13726 6347
7737 6347
5856 7170
7170 22
7170 175
7170 5976
7170 13
299 145
11042 6746
5409 3352
6813 3273
3352 3273
3803 3356
3356 5705
5551 1290
7958 11775
8918 6427
702 568
5378 6427
9070 11042
7738 11042
4459 2500
3356 8228
9057 3356
3356 4969
3796 6347
3976 4790
3976 5051
2041 6086
3976 3608
6922 1761
4694 2500
719 702
5050 145
1270 702
3976 4058
6747 5551
3301 5522
6850 3301
702 3301
6259 12097
5568 3218
6327 6172
3356 6427
3384 11846
4688 4694
1103 145
683 145
145 210
3976 1290
297 145
10583 1740
7178 1740
4376 1740
10430 1740
14486 1740
14275 1740
4374 1740
12251 1740
11030 1740
1740 11078
715 226
1785 1740
145 2603
6592 2548
2548 2860
2548 8079
2548 13972
2548 4306
2548 9095
2548 11226
2548 7132
2548 6128
2548 10252
2548 11174
2548 13998
2548 6223
2548 6181
2548 12131
2548 2018
2548 7292
2548 5779
2548 6061
2548 10882
2548 7968
2548 10424
2548 11538
2548 8189
2548 6130
2548 7161
2548 10826
2548 7426
2548 4958
2548 11299
2548 10829
4323 2548
2548 10399
2548 4911
10942 6259
2041 6259
8043 6395
2548 11256
2915 1740
2895 5568
2548 7908
4628 7473
2548 7291
11042 8428
6347 6463
3356 7151
6108 6347
7170 8174
2548 7958
7170 7774
6081 4358
3996 6380
2055 7893
2828 226
6746 1740
3404 3914
1225 6347
2711 2939
5003 11775
3356 8220
5050 1740
8404 5378
2548 12097
2578 3218
6091 3549
3512 3549
10242 3549
11458 3549
6665 3549
5033 3549
10390 3549
11333 3549
3549 1784
3549 6745
3549 3578
3549 4492
3549 10265
3549 10557
5650 2899
4269 3549
3549 8001
2548 2041
145 11423
145 11422
3356 2568
3549 5430
9073 3549
9471 5511
2578 2895
145 5511
9070 3549
7738 3549
9079 6453
6846 6453
12524 6453
2766 6453
10569 6453
8160 6453
9116 6453
13489 6453
6877 6453
12713 6453
9304 6453
10354 6453
5769 6453
8452 6453
8895 6453
12632 6453
8002 6453
6453 8272
6453 6400
6453 5639
7303 6453
8470 6453
6453 8551
2764 6453
4657 7473
6661 6453
2602 6453
6906 6453
2907 6453
8810 6453
10708 1740
73 1740
2683 6453
1653 6453
3549 10942
11168 6347
10977 6347
11976 6347
11387 2914
2914 11509
2914 1967
2914 11195
2914 11092
2914 3807
2914 3819
2914 7853
2914 12078
2914 5496
2914 7118
2914 4222
2914 11404
2914 6344
2914 10686
2914 7773
2914 11424
2914 11186
2914 11837
2914 7806
2914 11956
2914 5752
2914 13557
2914 11964
2914 6331
2914 11610
2914 11611
2914 10494
2914 5798
6813 3352
3549 7151
2914 3676
568 1740
2914 5669
2914 3951
5377 6453
3301 1833
237 145
6453 5522
12578 6453
2914 6847
2914 1325
6327 6453
1103 6453
6850 6453
226 1740
4628 6453
2568 1740
6453 6463
2914 2521
11215 6347
6747 6453
2603 6453
2914 6922
2914 2554
8220 6453
237 6259
2914 11846
2914 210
2914 683
2914 297
2914 4688
7170 145
2914 6108
2914 8174
3356 6172
2914 7774
5568 6453
2914 1225
4319 3549
2914 10708
2914 73
3549 226
4319 6453
3549 6395
2914 568
10311 1740
10530 6453
2548 10830
11042 3549
2914 10530
2914 2568
2914 6395
2548 11215
11042 6453
6172 1740
145 1740
2548 11722
3976 3356
2548 6259
3549 11499
3549 11418
3269 3549
3549 4694
5650 3549
8346 6453
4755 6453
4795 6453
6648 6453
6453 12297
6401 6453
8584 6453
3356 1740
3549 11722
237 3549
9471 6453
6813 6453
2895 6453
2914 6530
2914 7782
2914 1746
2914 7194
3352 6453
6402 3549
2914 3384
3549 6993
2914 2828
3549 6259
2914 145
3549 7473
3549 1833
2548 3976
3549 6347
7170 3549
7473 6453
2914 6402
2914 6993
2914 1833
2914 7170
2548 1740
2914 3356
3549 3976
3976 6453
10295 3561
167 3561
6356 3561
2918 3561
3681 3561
6384 3561
6359 3561
2108 3561
5574 3561
6507 3561
10632 3561
3464 3561
8047 3561
11712 3561
8760 3561
10345 3561
3790 3561
5588 3561
10661 3561
6225 3561
7254 3561
3561 14348
3561 8624
3561 10819
3561 2707
3561 7312
3561 10758
3561 7526
3561 13390
3561 3846
3561 7891
3561 7892
3561 8134
3561 6312
3561 12259
3561 13329
3561 4208
3561 7029
3561 4057
3561 3392
3561 10984
3561 1226
3561 12044
3561 4181
3561 7057
3561 6535
3561 13638
3561 2561
3561 10405
3561 8133
3561 8680
3561 6197
3561 13343
3561 1968
3561 3239
3561 5024
3561 10464
3561 11255
3561 6337
8866 3561
1241 3561
3561 2379
3561 2056
3561 6553
3700 3561
5078 3561
5389 3561
3561 549
4513 3561
3561 1916
3561 4459
3561 6086
3561 1761
4926 3561
719 3561
715 3561
8428 3561
2914 3976
3561 8043
6081 3561
3996 3561
6380 3561
4358 3561
3561 7893
3561 2055
3561 3914
5003 3561
3561 8918
3561 3404
2711 3561
3561 2939
3561 8404
3561 5551
1270 3561
3561 11775
2899 3561
3561 11423
3561 11422
3561 3218
4657 3561
3561 5378
11168 3561
3561 10977
3561 11976
3549 1740
2578 3561
3561 5511
3561 10311
10830 3561
6453 1740
2548 6453
3561 3301
3561 11499
3561 11418
8346 3561
3561 4755
3561 4795
3269 3561
2914 1740
3561 6648
3561 12297
3561 11215
3561 6401
3561 8584
2914 2548
7782 3561
3561 6530
3561 1746
3561 7194
3561 4694
3561 6172
3561 9471
5650 3561
3384 3561
2828 3561
3561 6813
3561 2895
3561 3352
3561 11722
237 3561
3561 6402
3561 6993
3549 6453
3561 6259
3561 7473
3561 1833
2914 3549
3561 6347
7170 3561
2914 6453
3561 3356
3561 3976
3561 1740
2548 3561
3561 3549
3561 6453
2914 3561
