1055  1553
701 0.611772166446 0.0 0.0
3561 0.288224153025 0.5 0.0
2914 0.137348711277 0.25 0.0
3549 0.119980060532 0.25 0.25
6453 0.119833835282 0.25 -0.25
1740 0.101401842809 0.0 0.25
2548 0.10117791188 0.0 -0.25
3976 0.0754150707656 0.125 0.0
3356 0.0721748596363 0.125 0.125
5459 0.0711006740586 0.0 0.125
6347 0.0703249743187 0.25 0.125
4766 0.0676348276309 0.125 -0.125
5727 0.0607015550018 0.25 -0.125
1833 0.0605409553086 0.375 0.0
4230 0.0596076836774 0.0 -0.125
7473 0.0593710717921 0.375 -0.125
6993 0.0542961630086 0.375 0.125
6172 0.0522828698185 0.125 0.25
4694 0.0522047045297 0.125 -0.25
5650 0.0518559928644 -0.125 0.0
237 0.051778360117 0.375 0.25
2828 0.0508222754776 0.375 -0.25
3384 0.0492934933265 -0.125 0.125
3301 0.0487824714397 -0.125 -0.125
6530 0.0485603556889 0.5 0.125
5551 0.0483815539781 -0.125 0.25
3269 0.0482762521086 0.125 0.375
6648 0.0480584586177 0.5 -0.125
11418 0.0477472441078 0.25 0.375
5378 0.0475600740916 -0.125 -0.25
8210 0.0471815309248 0.125 -0.375
8918 0.0468772687087 0.0 0.375
10830 0.0468670563044 0.25 -0.375
8043 0.0465381216754 0.0 -0.375
10530 0.0463921233634 -0.25 0.0
3996 0.0462781718717 0.5 0.25
11042 0.0457724137481 -0.25 0.125
1916 0.0454818680546 -0.25 -0.125
4926 0.0445902017695 0.5 -0.25
2899 0.0445581668401 0.375 0.375
11775 0.0445197584476 0.375 -0.375
2711 0.0444039364807 0.625 0.0
6395 0.044367421356 -0.25 0.25
6380 0.0442970406666 0.625 0.125
8062 0.0442970406666 0.625 -0.125
5003 0.0442147282641 -0.125 -0.375
1691 0.0437504403851 -0.125 0.375
2056 0.0437415205068 -0.25 -0.25
2379 0.0435666838907 0.125 0.5
4277 0.0435666838907 0.125 -0.5
702 0.0429331308517 -0.375 0.0
715 0.0429196889113 0.5 0.375
3701 0.0429015573598 0.5 -0.375
3914 0.0428592311186 0.25 0.5
7893 0.0428560296145 0.25 -0.5
4459 0.0425126318326 0.0 0.5
5574 0.0423172653694 0.0 -0.5
4513 0.0423159094616 0.625 0.25
549 0.0423159094616 0.625 -0.25
6729 0.0422474976092 -0.375 0.125
1241 0.0422229668628 0.375 0.5
6553 0.0422229668628 0.375 -0.5
6384 0.0421304316465 -0.375 -0.125
6359 0.0421304316465 -0.25 0.375
6507 0.0421304316465 -0.25 -0.375
11079 0.0421304316465 -0.125 0.5
6535 0.0421304316465 -0.125 -0.5
7029 0.0421304316465 0.75 0.0
3464 0.0421304316465 -0.375 0.25
7795 0.0421304316465 -0.375 -0.25
6197 0.0421304316465 0.625 0.375
6225 0.0421304316465 0.625 -0.375
8061 0.0421304316465 0.75 0.125
11255 0.0421304316465 0.75 -0.125
10819 0.0421304316465 0.5 0.5
7891 0.0421304316465 0.5 -0.5
7892 0.0421304316465 0.125 0.625
8047 0.0421304316465 0.125 -0.625
10559 0.0421304316465 0.25 0.625
5024 0.0421304316465 0.25 -0.625
4208 0.0421304316465 0.75 0.25
4355 0.0412418451143 -0.375 -0.375
2917 0.0398490071552 -0.5 0.0
1290 0.0398058995703 -0.5 0.125
1225 0.0394648341098 -0.375 0.375
2041 0.0391821740568 -0.5 -0.125
8100 0.0389912755293 -0.25 0.5
6327 0.0383879562403 -0.25 -0.5
8933 0.0378365715668 0.0625 0.0
6745 0.0375832485531 0.0625 0.0625
4969 0.0368557923754 -0.0625 0.0
2915 0.0366090015548 0.0 0.0625
2764 0.0363273889008 0.0625 -0.0625
7023 0.0359371308493 0.125 0.0625
1784 0.0359371308493 0.0625 0.125
5384 0.0356667909493 0.0 -0.0625
5051 0.0353348718987 -0.0625 -0.0625
11610 0.0350677624525 0.125 -0.0625
5496 0.0350677624525 -0.0625 0.0625
5752 0.0350677624525 0.0625 -0.125
11092 0.0350677624525 0.1875 0.0
3819 0.0350677624525 0.1875 0.0625
5050 0.0346942250668 -0.0625 0.125
7303 0.0344745134996 -0.0625 -0.125
8551 0.0344410285306 0.1875 -0.0625
6091 0.0342546508714 0.0625 0.1875
10265 0.0342546508714 0.0 0.1875
6665 0.0342546508714 -0.125 0.0625
3578 0.0342546508714 0.1875 0.125
9116 0.0342478519704 0.0625 -0.1875
3796 0.0341089262666 -0.125 -0.0625
1785 0.0335319519122 -0.0625 0.1875
705 0.0335160641065 0.0 -0.1875
4323 0.0334477666881 -0.0625 -0.1875
4911 0.0334477666881 -0.1875 -0.0625
10849 0.0333849756573 -0.1875 0.0625
7178 0.0333849756573 -0.1875 0.0
14486 0.0333849756573 0.125 0.1875
4374 0.0333849756573 -0.125 0.1875
11030 0.0333849756573 -0.1875 0.125
4376 0.0333849756573 0.0625 0.25
4958 0.0333744630681 0.125 -0.1875
7132 0.0333744630681 -0.125 -0.1875
6128 0.0333744630681 0.1875 -0.125
2860 0.0333744630681 -0.1875 -0.125
3799 0.0333744630681 0.0625 -0.25
6223 0.0333744630681 -0.0625 -0.25
10829 0.0333744630681 0.1875 -0.1875
7770 0.0333744630681 -0.1875 -0.1875
10424 0.0333744630681 0.25 -0.0625
8079 0.0333744630681 -0.25 -0.0625
6181 0.0333744630681 0.25 0.0625
1890 0.0326369381188 -0.25 0.0625
1849 0.0325828108686 -0.1875 0.1875
852 0.0325546740885 -0.0625 0.25
6335 0.0321261516362 0.1875 0.1875
3303 0.0321245334981 0.3125 0.0
5408 0.0321017547909 0.25 0.1875
3803 0.0320167677086 0.1875 0.25
5705 0.0320167677086 0.0 0.3125
10510 0.0319301456498 0.3125 0.0625
10800 0.0319301456498 0.3125 -0.0625
3737 0.0319301456498 0.25 -0.1875
4943 0.0319301456498 0.0625 0.3125
6620 0.0319301456498 0.3125 0.125
13693 0.0319301456498 0.1875 -0.25
4372 0.0319301456498 -0.0625 0.3125
4527 0.0319301456498 0.125 0.3125
3462 0.0315556995955 0.3125 -0.125
11354 0.0315266627443 -0.3125 0.0
8175 0.0315147707956 0.0625 -0.3125
6619 0.0314796641215 0.0 -0.3125
4740 0.0310853124179 -0.0625 -0.3125
6521 0.0310655736038 -0.25 0.1875
10789 0.0310619454036 -0.1875 0.25
1668 0.0309170817645 -0.25 -0.1875
10296 0.0308097611454 -0.3125 0.0625
6845 0.0307807480705 -0.3125 -0.0625
9064 0.0307807480705 -0.1875 -0.25
3739 0.0307336734064 -0.3125 0.125
6983 0.0307032318838 -0.3125 -0.125
11047 0.0306775182056 -0.125 0.3125
11466 0.0306775182056 0.125 -0.3125
1955 0.0306104702256 -0.125 -0.3125
1275 0.0305785604117 0.3125 0.1875
8501 0.0305640517596 0.3125 -0.1875
6405 0.0305391569534 -0.3125 -0.1875
1136 0.0304101394726 -0.3125 0.1875
1930 0.0304092140073 0.1875 0.3125
8756 0.0304092140073 0.1875 -0.3125
7772 0.0303633103834 -0.1875 0.3125
2033 0.0303633103834 -0.1875 -0.3125
4854 0.03033858787 0.375 -0.0625
6259 0.0303256283608 0.375 0.0625
8961 0.0303076601038 0.0625 -0.375
7617 0.0301770168887 -0.375 0.0625
6113 0.0301419042355 0.0625 0.375
6844 0.030140764194 -0.0625 0.375
6299 0.0301138393477 -0.375 -0.0625
10851 0.0301138393477 -0.0625 -0.375
4436 0.0301105902724 0.3125 0.25
5324 0.0300767215741 -0.3125 0.25
2015 0.0300575267635 0.25 0.3125
9651 0.0300506618067 -0.25 0.3125
10541 0.0300475517994 0.3125 -0.25
3850 0.030044455454 -0.3125 -0.25
8697 0.030044455454 0.25 -0.3125
8934 0.030044455454 -0.25 -0.3125
11377 0.030044455454 0.375 0.1875
13765 0.030044455454 -0.375 -0.1875
10476 0.030044455454 0.1875 0.375
17 0.0297950171032 -0.375 0.1875
46 0.0297950171032 0.375 -0.1875
10910 0.0296848594788 -0.1875 0.375
10911 0.029398371645 0.1875 -0.375
10738 0.0290700599378 -0.1875 -0.375
11649 0.0290700599378 0.4375 0.0
703 0.0290610093441 -0.4375 0.0
6705 0.028978246057 0.0 0.4375
3674 0.0287676311442 0.0 -0.4375
2901 0.0287639153562 0.4375 0.0625
6912 0.0287335458967 -0.4375 0.0625
7091 0.0287008768832 0.4375 -0.0625
4786 0.0287007384261 -0.4375 -0.0625
6371 0.0287007384261 0.0625 0.4375
5106 0.0287007384261 -0.0625 0.4375
10916 0.0287007384261 0.0625 -0.4375
7921 0.0287007384261 -0.0625 -0.4375
11734 0.0287007384261 0.3125 0.3125
11992 0.0287007384261 -0.3125 0.3125
4923 0.0287007384261 0.3125 -0.3125
11542 0.0286378384101 -0.3125 -0.3125
10517 0.0286378384101 0.4375 0.125
3554 0.0286378384101 -0.4375 0.125
11854 0.0286378384101 0.4375 -0.125
6297 0.0286378384101 -0.4375 -0.125
6594 0.0286378384101 0.125 0.4375
2825 0.0286378384101 -0.125 0.4375
7633 0.0286378384101 0.125 -0.4375
10339 0.0286378384101 -0.125 -0.4375
5771 0.0286378384101 0.4375 0.1875
8120 0.0286378384101 -0.4375 0.1875
11225 0.0286378384101 0.4375 -0.1875
6433 0.0286378384101 -0.4375 -0.1875
10249 0.0286378384101 0.1875 0.4375
3502 0.0286378384101 -0.1875 0.4375
559 0.0286378384101 0.1875 -0.4375
557 0.0286378384101 -0.1875 -0.4375
6629 0.0286378384101 0.375 0.3125
12194 0.0286378384101 -0.375 0.3125
12196 0.0286378384101 0.375 -0.3125
11407 0.0286378384101 -0.375 -0.3125
10839 0.0286378384101 0.3125 0.375
10838 0.0286378384101 -0.3125 0.375
10932 0.0286378384101 0.3125 -0.375
5533 0.0286378384101 -0.3125 -0.375
3703 0.0286378384101 0.5 0.0625
7809 0.0286378384101 -0.5 0.0625
11400 0.0286378384101 0.5 -0.0625
4913 0.0286378384101 -0.5 -0.0625
11653 0.0286378384101 0.0625 0.5
11718 0.0286378384101 -0.0625 0.5
2712 0.0286378384101 0.0625 -0.5
8015 0.0286378384101 -0.0625 -0.5
12062 0.0286378384101 0.4375 0.25
10665 0.0286378384101 -0.4375 0.25
6241 0.0286378384101 0.4375 -0.25
7751 0.0286378384101 -0.4375 -0.25
7753 0.0286378384101 0.25 0.4375
10650 0.0286378384101 -0.25 0.4375
6790 0.0286378384101 0.25 -0.4375
7253 0.0286378384101 -0.25 -0.4375
7037 0.0286378384101 0.5 0.1875
81 0.0286378384101 -0.5 0.1875
10971 0.0286378384101 0.5 -0.1875
13753 0.0286378384101 -0.5 -0.1875
6582 0.0286378384101 0.1875 0.5
6588 0.0286378384101 -0.1875 0.5
10805 0.0286378384101 0.1875 -0.5
7146 0.0286378384101 -0.1875 -0.5
11456 0.0286378384101 0.4375 0.3125
11598 0.0286378384101 -0.4375 0.3125
13326 0.0286378384101 0.4375 -0.3125
7498 0.0286378384101 -0.4375 -0.3125
11151 0.0286378384101 0.3125 0.4375
6948 0.0286378384101 -0.3125 0.4375
11012 0.0286378384101 0.3125 -0.4375
6283 0.0286378384101 -0.3125 -0.4375
7355 0.0286378384101 -0.5 0.25
6541 0.0286378384101 -0.5 -0.25
5714 0.0286378384101 0.5625 0.0
8182 0.0286378384101 -0.5625 0.0
12228 0.0286378384101 0.0 0.5625
10271 0.0286378384101 0.0 -0.5625
10431 0.0286378384101 0.5625 0.0625
13694 0.0286378384101 -0.5625 0.0625
11240 0.0286378384101 0.5625 -0.0625
4596 0.0286378384101 -0.5625 -0.0625
12049 0.0286378384101 0.0625 0.5625
8788 0.0286378384101 -0.0625 0.5625
6136 0.0286378384101 0.0625 -0.5625
10828 0.0286378384101 -0.0625 -0.5625
10680 0.0286378384101 0.5625 0.125
4574 0.0286378384101 -0.5625 0.125
13567 0.0286378384101 0.5625 -0.125
9318 0.0286378384101 -0.5625 -0.125
10724 0.0286378384101 0.125 0.5625
10721 0.0286378384101 -0.125 0.5625
6563 0.0286378384101 0.125 -0.5625
10613 0.0286378384101 -0.125 -0.5625
10614 0.0286378384101 0.4375 0.375
6314 0.0286378384101 -0.4375 0.375
2140 0.0286378384101 0.4375 -0.375
4977 0.0286378384101 -0.4375 -0.375
7726 0.0286378384101 0.375 0.4375
3950 0.0286378384101 -0.375 0.4375
13997 0.0286378384101 0.375 -0.4375
3479 0.0286378384101 -0.375 -0.4375
10694 0.0286378384101 0.5 0.3125
11892 0.0286378384101 -0.5 0.3125
13741 0.0286378384101 0.5 -0.3125
3751 0.0286378384101 -0.5 -0.3125
6938 0.0286378384101 0.3125 0.5
5772 0.0286378384101 -0.3125 0.5
11748 0.0286378384101 0.3125 -0.5
10912 0.0286378384101 -0.3125 -0.5
4279 0.0286378384101 0.5625 0.1875
6226 0.0286378384101 -0.5625 0.1875
7046 0.0286378384101 0.5625 -0.1875
6295 0.0286378384101 -0.5625 -0.1875
2107 0.0286378384101 0.1875 0.5625
11616 0.0286378384101 -0.1875 0.5625
10760 0.0286378384101 0.1875 -0.5625
6227 0.0286378384101 -0.1875 -0.5625
6071 0.0286378384101 0.5625 0.25
4519 0.0286378384101 -0.5625 0.25
8087 0.0286378384101 0.5625 -0.25
13413 0.0286378384101 -0.5625 -0.25
8919 0.0286378384101 0.25 0.5625
11191 0.0286378384101 -0.25 0.5625
4356 0.0286378384101 0.25 -0.5625
3614 0.0286378384101 -0.25 -0.5625
6083 0.0286378384101 0.4375 0.4375
4223 0.0286378384101 -0.4375 0.4375
8146 0.0286378384101 0.4375 -0.4375
55 0.0286378384101 -0.4375 -0.4375
11104 0.0286378384101 -0.625 0.0
7895 0.0286378384101 0.0 0.625
8039 0.0286378384101 0.0 -0.625
8138 0.0286378384101 -0.5 0.375
6065 0.0286378384101 -0.5 -0.375
11606 0.0286378384101 -0.375 0.5
4966 0.0286378384101 -0.375 -0.5
13942 0.0286378384101 0.625 0.0625
3957 0.0286378384101 -0.625 0.0625
8137 0.0286378384101 0.625 -0.0625
7372 0.0286378384101 -0.625 -0.0625
3505 0.0286378384101 0.0625 0.625
11928 0.0286378384101 -0.0625 0.625
7425 0.0286378384101 0.0625 -0.625
3820 0.0286378384101 -0.0625 -0.625
10552 0.0286378384101 -0.625 0.125
10251 0.0286378384101 -0.625 -0.125
12735 0.0286378384101 -0.125 0.625
4449 0.0286378384101 -0.125 -0.625
13676 0.0286378384101 0.5625 0.3125
11810 0.0286378384101 -0.5625 0.3125
13516 0.0286378384101 0.5625 -0.3125
3378 0.0286378384101 -0.5625 -0.3125
10928 0.0286378384101 0.3125 0.5625
7065 0.0286378384101 -0.3125 0.5625
7281 0.0286378384101 0.3125 -0.5625
4393 0.0286378384101 -0.3125 -0.5625
7284 0.0286378384101 0.625 0.1875
5648 0.0286378384101 -0.625 0.1875
4456 0.0286378384101 0.625 -0.1875
7832 0.0286378384101 -0.625 -0.1875
13868 0.0286378384101 0.1875 0.625
4927 0.0286378384101 -0.1875 0.625
13586 0.0286378384101 0.1875 -0.625
7469 0.0286378384101 -0.1875 -0.625
5760 0.0286378384101 0.5 0.4375
2648 0.0286378384101 -0.5 0.4375
5048 0.0286378384101 0.5 -0.4375
8000 0.0286378384101 -0.5 -0.4375
4390 0.0286378384101 0.4375 0.5
9512 0.0286378384101 -0.4375 0.5
4581 0.0286378384101 0.4375 -0.5
4583 0.0286378384101 -0.4375 -0.5
7170 0.0277892282929 0.6875 0.0625
6402 0.02553932974 0.6875 0.0
145 0.0247190458597 0.5625 0.375
11722 0.0238460303556 0.6875 -0.0625
4788 0.0227643429902 0.6875 -0.125
11215 0.021521525134 0.6875 -0.1875
5511 0.0209680553557 0.6875 0.125
6813 0.0209633481607 0.625 -0.3125
3352 0.0205354183703 0.6875 -0.25
2895 0.0202145757448 0.75 -0.0625
9471 0.0200842352018 0.75 -0.1875
7194 0.0199662752666 0.6875 0.1875
7782 0.0199225172788 0.75 0.0625
1746 0.0199225172788 0.6875 0.25
6849 0.0197835773198 0.5625 -0.375
4657 0.0193975635392 0.6875 -0.3125
4755 0.0193436925166 0.75 -0.25
8584 0.0192625185413 0.8125 -0.0625
6401 0.0191867057831 0.5625 -0.4375
12297 0.0191445639321 0.8125 -0.125
6221 0.0191094056976 0.40625 0.0625
11499 0.0191094056976 0.4375 0.09375
8346 0.0191026067967 0.40625 -0.0625
4795 0.0191026067967 0.4375 -0.09375
10314 0.0182397304835 0.34375 0.0625
10311 0.0182397304835 0.375 0.09375
2939 0.0170469150826 0.46875 0.0
10977 0.0167849004761 0.4375 0.03125
11168 0.0167849004761 0.46875 0.03125
5742 0.0167849004761 0.46875 0.0625
11976 0.0167849004761 0.40625 0.03125
1270 0.0161140473077 0.40625 0.0
8404 0.0158735943603 0.40625 -0.03125
3728 0.0156713738532 0.4375 -0.03125
8428 0.0156355028967 0.375 0.03125
719 0.0155917170862 0.375 -0.03125
3404 0.0155673929359 0.46875 0.09375
2055 0.0154990082163 0.46875 -0.0625
6086 0.015326982655 0.34375 0.0
2578 0.0151871767185 0.53125 0.0
3700 0.0148823803784 0.5 0.03125
13359 0.0148689685871 0.46875 -0.03125
226 0.0148503333346 0.21875 0.15625
11422 0.0147362422434 0.53125 0.03125
568 0.0146903193429 0.03125 0.09375
11423 0.0146497719295 0.53125 0.0625
3218 0.0145602600037 0.5 -0.03125
2568 0.014555990588 0.125 0.09375
3243 0.0144740040525 0.53125 -0.03125
6081 0.0141552911884 0.5625 0.03125
4358 0.0141552911884 0.5625 -0.03125
1761 0.0138375390804 0.53125 -0.0625
6356 0.0135883007229 0.59375 0.0
5389 0.0135519941054 0.5 0.09375
5078 0.0135519941054 0.5 -0.09375
7526 0.0135401612113 0.59375 0.03125
8866 0.0135222284368 0.59375 -0.03125
10295 0.0134925932364 0.53125 0.09375
6312 0.0134925932364 0.53125 -0.09375
2918 0.0134925932364 0.46875 -0.09375
10464 0.0134925932364 0.59375 0.0625
2108 0.0134925932364 0.59375 -0.0625
10632 0.0134925932364 0.5625 0.09375
13638 0.0134925932364 0.5625 -0.09375
8169 0.0134925932364 0.625 0.03125
11713 0.0134925932364 0.625 -0.03125
11712 0.0134925932364 0.53125 0.125
8760 0.0134925932364 0.46875 0.125
3790 0.0134925932364 0.53125 -0.125
10661 0.0134925932364 0.46875 -0.125
3833 0.0134925932364 0.59375 0.09375
7254 0.0134925932364 0.40625 0.09375
7252 0.0134925932364 0.59375 -0.09375
7312 0.0134925932364 0.40625 -0.09375
13390 0.0134925932364 0.65625 0.0
11904 0.0134925932364 0.5 0.15625
3846 0.0134925932364 0.5 -0.15625
4043 0.0134925932364 0.625 0.09375
3392 0.0134925932364 0.625 -0.09375
1226 0.0134925932364 0.375 -0.09375
4181 0.0134925932364 0.59375 0.125
8680 0.0134925932364 0.40625 0.125
13329 0.0134925932364 0.59375 -0.125
10405 0.0134925932364 0.40625 -0.125
1968 0.0134925932364 0.65625 0.03125
12044 0.0134925932364 0.34375 0.03125
8624 0.0134925932364 0.65625 -0.03125
2707 0.0134925932364 0.34375 -0.03125
10758 0.0134925932364 0.53125 0.15625
11931 0.0134925932364 0.46875 0.15625
4057 0.0134925932364 0.53125 -0.15625
4750 0.0134925932364 0.46875 -0.15625
10984 0.0134925932364 0.65625 0.0625
7057 0.0134925932364 0.65625 -0.0625
5588 0.0134925932364 0.34375 -0.0625
7920 0.0134925932364 0.5625 0.15625
12270 0.0134925932364 0.4375 0.15625
4373 0.0134925932364 0.5625 -0.15625
11524 0.0134925932364 0.4375 -0.15625
13343 0.0134925932364 0.65625 0.09375
10345 0.0134925932364 0.34375 0.09375
3239 0.0134925932364 0.65625 -0.09375
14348 0.0134925932364 0.34375 -0.09375
10813 0.0134925932364 0.59375 0.15625
6992 0.0134925932364 0.40625 0.15625
11679 0.0134925932364 0.59375 -0.15625
8134 0.0134925932364 0.40625 -0.15625
3681 0.0134925932364 0.6875 0.03125
8133 0.0134925932364 0.3125 0.03125
10947 0.0134925932364 0.6875 -0.03125
12259 0.0134925932364 0.3125 -0.03125
167 0.0134925932364 0.53125 0.1875
2561 0.0134925932364 0.46875 0.1875
5736 0.0134925932364 0.53125 -0.1875
6337 0.0134925932364 0.46875 -0.1875
8220 0.0125614836823 0.125 -0.03125
6847 0.0119509213799 0.0625 0.03125
4319 0.0112268260216 0.21875 0.0
10708 0.0111770612895 0.15625 0.09375
73 0.0111770612895 0.15625 0.125
7738 0.0105503489883 0.09375 0.125
6747 0.0104246099234 0.03125 -0.0625
3344 0.0101676988527 0.15625 0.03125
13333 0.00972223128209 0.21875 0.03125
6108 0.00972223128209 0.25 0.03125
4688 0.00925619105886 0.203125 -0.0625
3951 0.009232877384 0.203125 -0.046875
2554 0.00920797921684 0.078125 0.015625
2603 0.00901309332312 0.25 -0.109375
7151 0.00899574175974 0.203125 0.203125
8272 0.00893861124199 0.15625 -0.109375
6463 0.00892187403191 0.265625 -0.109375
11846 0.00873770810446 0.140625 0.03125
4628 0.00863064649188 0.28125 -0.203125
4222 0.00843847319761 0.296875 -0.078125
12578 0.00838902124559 0.078125 -0.171875
1103 0.00835470711652 0.1875 -0.09375
1325 0.0082775540328 0.109375 0.078125
5377 0.0081790137221 0.078125 -0.1875
6850 0.00817440983365 0.140625 -0.203125
2500 0.00816451783745 0.046875 0.0625
6427 0.00805514906494 0.015625 0.078125
5522 0.00789386692163 0.140625 -0.21875
7774 0.00780216562914 0.328125 0.015625
9070 0.00775972212163 0.109375 0.203125
8174 0.00773089189006 0.328125 0.0
297 0.00766191191042 0.296875 0.046875
5568 0.00761873164442 0.328125 -0.203125
683 0.00758710273548 0.296875 0.0625
210 0.00758710273548 0.28125 0.0625
9057 0.00756717389996 0.078125 0.125
8001 0.00748259306898 0.15625 0.25
13734 0.00746444245167 0.09375 0.265625
2521 0.00740825570383 0.234375 0.0
6922 0.00736838147305 0.265625 0.0
6746 0.00727293726051 -0.078125 0.1875
5430 0.00727152529299 0.1875 0.28125
5400 0.00708407396962 0.03125 -0.078125
10942 0.00703650081458 0.265625 0.203125
3608 0.00703022046127 0.125 -0.046875
7958 0.00682092127555 0.109375 -0.28125
4790 0.00669703348853 0.140625 -0.0625
6846 0.00653619681444 0.28125 -0.265625
5669 0.00653452444547 0.25 0.015625
3676 0.00649834030733 0.25 -0.015625
11387 0.00642992404239 0.265625 0.015625
11186 0.00642992404239 0.234375 0.015625
11611 0.00642992404239 0.265625 -0.015625
3807 0.00642992404239 0.234375 -0.015625
11916 0.00642992404239 0.28125 0.0
5798 0.00642992404239 0.25 -0.03125
11404 0.00642992404239 0.28125 0.015625
3330 0.00642992404239 0.21875 0.015625
6577 0.00642992404239 0.28125 -0.015625
11834 0.00642992404239 0.21875 -0.015625
11956 0.00642992404239 0.265625 0.03125
7853 0.00642992404239 0.234375 0.03125
12078 0.00642992404239 0.265625 -0.03125
10494 0.00642992404239 0.234375 -0.03125
1967 0.00642992404239 0.28125 0.03125
11837 0.00642992404239 0.28125 -0.03125
11424 0.00642992404239 0.21875 -0.03125
7773 0.00642992404239 0.296875 0.0
11964 0.00642992404239 0.203125 0.0
11195 0.00642992404239 0.25 0.046875
7118 0.00642992404239 0.25 -0.046875
7806 0.00642992404239 0.296875 0.015625
13557 0.00642992404239 0.203125 0.015625
11509 0.00642992404239 0.296875 -0.015625
10686 0.00642992404239 0.203125 -0.015625
6344 0.00642992404239 0.265625 0.046875
11646 0.00642992404239 0.234375 0.046875
6331 0.00642992404239 0.265625 -0.046875
12097 0.00615631301125 0.09375 -0.171875
1653 0.00609878384049 0.25 -0.234375
2907 0.00605453898858 0.234375 -0.21875
9073 0.00602521586908 0.234375 0.25
6906 0.00600273550018 0.234375 -0.234375
8810 0.0059926860406 0.234375 -0.25
2683 0.00599218664329 0.265625 -0.25
2563 0.00596602065889 0.25 -0.21875
8228 0.00596092030937 -0.078125 0.0625
6661 0.00588554014516 0.25 -0.265625
2602 0.00588554014516 0.265625 -0.265625
8470 0.00564790199371 0.265625 -0.234375
9505 0.00564716983009 0.234375 -0.265625
4269 0.00562914931595 0.265625 0.25
13489 0.0056223354953 0.28125 -0.25
3512 0.00561681246126 0.25 0.265625
10242 0.00561681246126 0.25 0.234375
11458 0.00561681246126 0.265625 0.265625
5033 0.00561681246126 0.234375 0.265625
10390 0.00561681246126 0.265625 0.234375
11333 0.00561681246126 0.234375 0.234375
10759 0.00561681246126 0.28125 0.25
4492 0.00561681246126 0.21875 0.25
5651 0.00561681246126 0.25 0.28125
10557 0.00561681246126 0.25 0.21875
9079 0.00561001356031 0.21875 -0.25
12524 0.00561001356031 0.25 -0.28125
2766 0.00561001356031 0.28125 -0.234375
10569 0.00561001356031 0.21875 -0.234375
8160 0.00561001356031 0.21875 -0.265625
12538 0.00561001356031 0.265625 -0.21875
12713 0.00561001356031 0.265625 -0.28125
6400 0.00561001356031 0.234375 -0.28125
10354 0.00561001356031 0.28125 -0.21875
9304 0.00561001356031 0.21875 -0.21875
6677 0.00561001356031 0.28125 -0.28125
7271 0.00561001356031 0.21875 -0.28125
8002 0.00561001356031 0.296875 -0.25
6877 0.00561001356031 0.203125 -0.25
5769 0.00561001356031 0.25 -0.203125
8452 0.00561001356031 0.25 -0.296875
8895 0.00561001356031 0.296875 -0.234375
12632 0.00561001356031 0.203125 -0.234375
5639 0.00561001356031 0.296875 -0.265625
5409 0.00544531791532 0.171875 0.03125
8914 0.00533858176018 -0.140625 0.0625
3758 0.00514996158743 0.484375 -0.1875
7291 0.00508157050195 0.015625 -0.21875
7908 0.00507834893569 0.015625 -0.25
10586 0.00500623299186 0.09375 0.0
11256 0.00497436430933 0.0 -0.234375
10715 0.00493077204656 -0.09375 -0.125
11284 0.00491996568576 -0.109375 -0.125
10430 0.004768036556 0.0078125 0.25
10583 0.00474713724713 -0.0078125 0.25
11078 0.00474713724713 0.0 0.2578125
12251 0.00474713724713 0.0 0.2421875
14275 0.00474713724713 0.0078125 0.2578125
10399 0.004747028262 0.0078125 -0.25
6592 0.00473662465793 -0.0078125 -0.25
5779 0.00473662465793 0.0 -0.2421875
11226 0.00473662465793 0.0 -0.2578125
11221 0.00473662465793 0.0078125 -0.2421875
11538 0.00473662465793 -0.0078125 -0.2421875
10882 0.00473662465793 0.0078125 -0.2578125
13972 0.00473662465793 -0.0078125 -0.2578125
12131 0.00473662465793 -0.015625 -0.25
8189 0.00473662465793 0.0 -0.265625
6130 0.00473662465793 0.015625 -0.2421875
10826 0.00473662465793 -0.015625 -0.2421875
4306 0.00473662465793 0.015625 -0.2578125
9095 0.00473662465793 -0.015625 -0.2578125
13998 0.00473662465793 0.0078125 -0.234375
11299 0.00473662465793 -0.0078125 -0.234375
2018 0.00473662465793 0.0078125 -0.265625
7292 0.00473662465793 -0.0078125 -0.265625
11100 0.00473662465793 0.015625 -0.234375
6061 0.00473662465793 -0.015625 -0.234375
7968 0.00473662465793 0.015625 -0.265625
10252 0.00473662465793 -0.015625 -0.265625
7426 0.00473662465793 0.0234375 -0.25
7161 0.00473662465793 -0.0234375 -0.25
7835 0.00473662465793 0.0 -0.2265625
11174 0.00473662465793 0.0 -0.2734375
MCAST 0.00454347422513 0.1328125 -0.0625
5401 0.00447852351723 -0.0625 0.1171875
3307 0.00429383743982 -0.234375 -0.0625
8362 0.00412080511163 -0.3046875 0.125
1759 0.00399117864426 -0.1875 -0.2421875
4058 0.00396169381549 0.1171875 0.0
6067 0.00389660693522 0.0078125 0.109375
7701 0.00387267219514 -0.109375 -0.0234375
9013 0.00372264932702 -0.1015625 0.2421875
8743 0.00368284516991 0.0078125 0.125
1682 0.00349533342348 -0.25 -0.21875
3265 0.00344126336409 -0.34375 0.0703125
11888 0.00337892929849 0.1328125 0.125
7176 0.00333590868064 0.0 0.1171875
8607 0.00332859768168 -0.0078125 0.125
5571 0.00332859768168 0.0 0.1328125
2110 0.00332859768168 0.0078125 0.1171875
5611 0.00332859768168 -0.0078125 0.1171875
8406 0.00332859768168 0.0078125 0.1328125
9043 0.00332859768168 -0.0078125 0.1328125
8851 0.00332859768168 0.0 0.109375
8897 0.00332859768168 0.015625 0.125
6730 0.00329752348687 -0.140625 -0.015625
2044 0.0032923072397 0.2578125 0.125
7431 0.0032923072397 0.2421875 0.125
11303 0.0032923072397 0.25 0.1328125
11282 0.0032923072397 0.25 0.1171875
10710 0.0032923072397 0.2578125 0.1328125
7439 0.0032923072397 0.2421875 0.1328125
10267 0.0032923072397 0.2578125 0.1171875
14082 0.0032923072397 0.2421875 0.1171875
13726 0.0032923072397 0.265625 0.125
7737 0.0032923072397 0.234375 0.125
7949 0.0032923072397 0.25 0.140625
3784 0.00318879958143 0.1328125 -0.125
7620 0.0031664034625 0.1171875 -0.125
9686 0.0031664034625 0.125 -0.1171875
2588 0.00313598680149 -0.0703125 0.140625
7472 0.00302063293157 0.3828125 -0.125
38 0.0030048086835 -0.0078125 0.375
6200 0.0030048086835 -0.015625 0.375
5075 0.0028418257114 0.2578125 -0.125
6905 0.0028418257114 0.2421875 -0.125
8532 0.00283431025657 0.3828125 0.0
4704 0.00282626701647 0.109375 -0.203125
6675 0.00279812018378 0.0234375 0.2890625
766 0.00279401188076 0.2578125 -0.109375
10938 0.00279062686671 0.0078125 -0.125
10454 0.00279062686671 -0.0078125 -0.125
10954 0.00279062686671 0.0 -0.1171875
10733 0.00279062686671 0.0 -0.1328125
10429 0.00279062686671 0.0078125 -0.1171875
10670 0.00279062686671 -0.0078125 -0.1171875
3847 0.00277261345344 0.1875 -0.1796875
6656 0.00258088108259 -0.09375 -0.1953125
11275 0.00254198068076 0.3828125 0.125
8885 0.00251423375723 0.4140625 -0.0625
13493 0.00244771715892 0.1171875 0.2421875
10823 0.00244771715892 0.125 0.2421875
173 0.00244406683037 0.1328125 -0.25
4678 0.00244406683037 0.1171875 -0.25
4693 0.00244406683037 0.125 -0.2421875
13563 0.00242773519362 -0.1171875 0.0
13946 0.00242773519362 -0.1328125 0.0
6137 0.00242773519362 -0.125 0.0078125
7011 0.00242773519362 -0.125 -0.0078125
6114 0.00242773519362 -0.1171875 0.0078125
5710 0.00238461184457 -0.21484375 -0.00390625
8493 0.00238100112394 -0.125 -0.234375
4313 0.00237934791836 0.37890625 -0.25
8196 0.00235335178511 0.00390625 0.375
5605 0.00235184912228 -0.12109375 -0.125
10481 0.00232533848101 0.44921875 -0.25
10848 0.00230778406208 -0.12109375 0.12109375
13696 0.00230778406208 -0.125 0.12109375
7868 0.00230778406208 -0.12109375 0.125
8422 0.00230483470024 0.0 0.37890625
2820 0.00228886968849 -0.12890625 -0.125
6795 0.00228385336132 -0.125 -0.12109375
8377 0.00228385336132 -0.125 -0.12890625
3220 0.00228385336132 -0.12109375 -0.12109375
5518 0.00228385336132 -0.12890625 -0.12109375
8468 0.00226508608261 -0.12109375 0.24609375
12370 0.00226508608261 -0.125 0.24609375
9198 0.00226508608261 -0.12109375 0.25
8773 0.00226508608261 -0.12890625 0.25
6840 0.00226016304185 0.12890625 0.375
8980 0.00226016304185 0.12109375 0.375
5394 0.00226016304185 0.125 0.37890625
6882 0.00226016304185 0.125 0.37109375
5397 0.00226016304185 0.12890625 0.37890625
3550 0.00224996385139 0.50390625 -0.125
3256 0.00223526222196 -0.40625 0.01953125
5587 0.00222663359436 -0.12109375 -0.25
9105 0.00222663359436 -0.12890625 -0.25
8354 0.00222663359436 -0.125 -0.24609375
8481 0.00222663359436 -0.125 -0.25390625
6658 0.00220890246426 0.125 -0.37890625
8288 0.00220890246426 0.12890625 -0.375
5419 0.00219467015591 -0.00390625 0.375
8975 0.00219467015591 0.0 0.37109375
9030 0.00219467015591 0.00390625 0.37890625
12292 0.00218601661388 0.34375 0.12109375
6487 0.00217192273529 -0.24609375 0.0
3132 0.00217192273529 -0.25390625 0.0
8243 0.00216435160808 -0.35546875 0.0
6822 0.00214761640812 -0.24609375 0.125
8466 0.00214290966037 -0.25390625 0.125
8685 0.00214290966037 -0.25 0.12890625
3233 0.00214290966037 -0.25 0.12109375
7298 0.00214290966037 -0.24609375 0.12890625
8876 0.00214290966037 -0.25390625 0.12890625
8555 0.00214290966037 -0.24609375 0.12109375
8778 0.00214290966037 -0.25390625 0.12109375
9102 0.00214290966037 -0.2421875 0.125
11180 0.00212933881905 -0.24609375 -0.125
4716 0.00210342940144 -0.234375 0.0078125
6719 0.00208954666884 -0.37109375 0.0
11063 0.00208759882961 0.50390625 -0.25
7005 0.00208759882961 0.49609375 -0.25
10757 0.00208759882961 0.5 -0.24609375
10986 0.00208759882961 0.5 -0.25390625
10318 0.00208759882961 0.50390625 -0.24609375
6057 0.00208759882961 0.49609375 -0.24609375
10605 0.00208759882961 0.50390625 -0.25390625
11311 0.00208759882961 0.49609375 -0.25390625
8650 0.00204979188885 -0.375 0.00390625
271 0.00204828285616 -0.12109375 0.375
2553 0.00204454538746 -0.10546875 0.0390625
5493 0.00201439886474 -0.375 -0.00390625
6848 0.0020099840785 -0.37890625 0.0
6595 0.0020099840785 -0.37109375 0.00390625
8195 0.0020099840785 -0.37109375 -0.00390625
8497 0.0020099840785 -0.37890625 0.00390625
5499 0.0020099840785 -0.37890625 -0.00390625
6785 0.0020099840785 -0.3671875 0.0
8758 0.0020099840785 -0.375 0.0078125
8299 0.0020099840785 -0.375 -0.0078125
8434 0.0020099840785 -0.3828125 0.0
8984 0.0020099840785 -0.3671875 0.00390625
8350 0.0020099840785 -0.3671875 -0.00390625
9034 0.0020099840785 -0.37109375 0.0078125
8277 0.0020099840785 -0.37109375 -0.0078125
8542 0.0020099840785 -0.37890625 0.0078125
8394 0.0020099840785 -0.37890625 -0.0078125
11123 0.00200939737537 0.50390625 0.375
1798 0.00200854915522 0.5 -0.37109375
6366 0.00200854915522 0.50390625 -0.375
7396 0.00200854915522 0.49609375 -0.375
4201 0.00200854915522 0.5 -0.37890625
6761 0.00199533247151 -0.37109375 0.12109375
8527 0.00199329522347 -0.37109375 0.125
239 0.00198113120506 0.62890625 -0.25
10450 0.00198113120506 0.62890625 0.25
802 0.00198113120506 0.62109375 -0.25
4136 0.00198113120506 0.62109375 0.25
12362 0.00197789545126 -0.375 0.12109375
9151 0.00197677977952 0.37890625 0.5
6362 0.00197677977952 0.37890625 -0.5
3273 0.0019427896993 0.65234375 -0.28125
8267 0.00187674954487 0.296875 -0.16796875
5436 0.00186561496152 -0.49609375 0.0
5631 0.00186358035611 -0.49609375 0.125
4595 0.00184762999041 -0.37109375 0.375
299 0.00184707655824 0.55078125 0.24609375
6472 0.00183438941859 -0.49609375 -0.12109375
11591 0.00183438941859 -0.49609375 -0.125
3110 0.00183438941859 -0.5 -0.12109375
7208 0.00183438941859 -0.5 -0.12890625
11209 0.00183438941859 -0.50390625 -0.125
7436 0.00183438941859 -0.49609375 -0.12890625
4509 0.00179720645044 -0.24609375 -0.5
13937 0.00179720645044 -0.25390625 -0.5
8483 0.0017779848395 -0.234375 0.171875
5641 0.00172547197322 -0.05859375 0.0
6260 0.00172547197322 -0.06640625 0.0
7602 0.00170449326433 0.06640625 -0.0625
9284 0.00170074945985 0.05859375 -0.0625
7637 0.00170074945985 0.0625 -0.05859375
9544 0.00170074945985 0.0625 -0.06640625
7647 0.00170074945985 0.06640625 -0.05859375
7704 0.00170074945985 0.05859375 -0.05859375
9078 0.00165204525675 0.31640625 0.0
9 0.00162429845324 -0.05859375 0.125
4130 0.00162429845324 -0.06640625 0.125
4387 0.00161401181909 -0.05859375 -0.12109375
10983 0.00161401181909 -0.0625 -0.12109375
4967 0.00161401181909 -0.05859375 -0.125
8742 0.00161244401675 0.18359375 -0.0625
9044 0.00160181347043 0.26953125 0.0
12409 0.00158133167512 0.3125 0.00390625
8255 0.00158133167512 0.3125 -0.00390625
3628 0.00156988546168 -0.05859375 0.1875
4017 0.00156988546168 -0.06640625 0.1875
11756 0.00156594562841 -0.0625 -0.19140625
4203 0.00156594562841 -0.19140625 -0.0625
1670 0.00152544536249 -0.18359375 0.1875
6058 0.00152412588121 -0.05859375 0.25
101 0.00152243169287 0.50390625 0.28515625
9119 0.00150399668764 0.30859375 0.0
8477 0.00150399668764 0.31640625 0.00390625
12772 0.00150399668764 0.30859375 0.00390625
6772 0.00150399668764 0.31640625 -0.00390625
5385 0.00150399668764 0.30859375 -0.00390625
12402 0.00150292578389 0.25390625 0.1875
3329 0.00150292578389 0.24609375 0.1875
5470 0.00150292578389 0.25 0.19140625
3268 0.00150292578389 0.25 0.18359375
4783 0.00147736486372 0.31640625 -0.125
7483 0.00147736486372 0.30859375 -0.125
11945 0.00147600093759 -0.31640625 0.0
3677 0.00146139515094 0.49609375 0.29296875
4807 0.00145534316943 -0.0625 -0.31640625
6754 0.0014524666426 0.296875 0.0390625
10681 0.00144746816038 -0.24609375 -0.1875
11693 0.00143745800381 -0.31640625 -0.125
12173 0.00143745800381 -0.3125 -0.12109375
2547 0.00143311695706 -0.12109375 -0.30859375
2012 0.00143311695706 -0.125 -0.30859375
6711 0.00143311695706 -0.12109375 -0.3125
12657 0.00143162289396 0.3125 0.19140625
12423 0.00143094360749 0.30859375 -0.1875
3686 0.00142977684838 -0.30859375 -0.1875
4641 0.00142740223946 -0.43359375 0.0
3661 0.00142740223946 -0.4375 0.00390625
10618 0.00141968835332 0.375 0.05859375
7702 0.00141282339659 -0.37109375 0.0625
9268 0.00141282339659 -0.37890625 0.0625
10683 0.00140971338926 0.31640625 0.25
714 0.00137637535076 0.19140625 -0.375
4142 0.00136058433403 -0.44140625 0.0
4614 0.00136058433403 -0.4375 -0.00390625
4711 0.00136058433403 -0.43359375 0.00390625
10381 0.00134667491624 0.44140625 0.0625
11389 0.00134667491624 0.43359375 0.0625
6939 0.00134667491624 0.4375 -0.05859375
9496 0.0013437170279 -0.43359375 -0.0625
6471 0.0013437170279 0.06640625 0.4375
13683 0.0013437170279 0.31640625 0.3125
6602 0.0013437170279 -0.05859375 -0.4375
10396 0.0013437170279 -0.30859375 0.3125
5105 0.0013437170279 -0.05859375 0.4375
5716 0.0013437170279 0.31640625 -0.3125
6138 0.0013437170279 0.06640625 -0.4375
13 0.00130382532181 0.69140625 0.0625
5856 0.00130096784767 0.68359375 0.0625
132 0.00130096784767 0.6875 0.06640625
22 0.00130096784767 0.6875 0.05859375
175 0.00130096784767 0.69140625 0.06640625
5976 0.00130096784767 0.68359375 0.06640625
8903 0.00129300640689 0.515625 -0.203125
2637 0.00125288617961 0.5078125 0.34765625
4557 0.0011792951232 0.564453125 0.375
1741 0.00117420652828 0.328125 -0.05859375
3128 0.00115972032909 0.560546875 0.375
1706 0.00115717869309 0.5625 0.376953125
32 0.00115717869309 0.5625 0.373046875
1312 0.00115717869309 0.564453125 0.376953125
2572 0.00115717869309 0.560546875 0.376953125
3 0.00115717869309 0.564453125 0.373046875
11039 0.00115717869309 0.560546875 0.373046875
160 0.00115717869309 0.56640625 0.375
225 0.00115717869309 0.55859375 0.375
1742 0.00115717869309 0.5625 0.37890625
4680 0.00101610240296 0.38671875 0.04296875
6713 0.000981628405135 0.6875 0.123046875
7855 0.000981628405135 0.689453125 0.125
12435 0.000981628405135 0.685546875 0.125
2471 0.000981628405135 0.6875 0.126953125
3324 0.000961378883228 0.689453125 -0.25
6869 0.000946358552685 0.751953125 -0.0625
10742 0.000934737573472 0.689453125 0.1875
8601 0.000926183254124 0.5625 -0.376953125
7634 0.00090810238397 0.689453125 -0.3125
12400 0.000901789740481 0.814453125 -0.0625
6407 0.000898240317335 0.5625 -0.435546875
11342 0.000898240317335 0.564453125 -0.4375
8226 0.000896267401494 0.814453125 -0.125
288 0.000880601763079 0.2421875 -0.037109375
9164 0.000864558264246 0.353515625 0.046875
12676 0.000850349195007 0.318359375 0.0
9086 0.000781903991174 0.19140625 0.0234375
8864 0.000754393719919 0.408203125 0.0
5621 0.000754393719919 0.404296875 0.0
12506 0.000754393719919 0.40625 0.001953125
790 0.000729940308765 0.375 -0.029296875
4675 0.000729015349481 0.134765625 0.03125
11500 0.000728799472083 0.470703125 0.09375
13345 0.000728799472083 0.466796875 0.09375
8636 0.000711004151143 0.533203125 0.0
8482 0.000711004151143 0.529296875 0.0
10596 0.000695195115861 0.220703125 0.15625
5655 0.000695195115861 0.216796875 0.15625
5726 0.000695195115861 0.21875 0.158203125
3146 0.000687707464852 0.03125 0.095703125
1778 0.000687707464852 0.033203125 0.09375
2498 0.000665639090108 0.125 -0.056640625
2501 0.000665639090108 0.126953125 -0.056640625
8696 0.000634456288818 0.501953125 0.09375
8436 0.000634456288818 0.498046875 0.09375
8036 0.000634456288818 0.501953125 -0.09375
7294 0.000634456288818 0.498046875 -0.09375
8688 0.000633062751627 0.595703125 -0.03125
9126 0.00061965418041 0.126953125 -0.03125
12360 0.000617059583033 0.125 -0.029296875
8372 0.000588050255667 0.1259765625 -0.03125
8709 0.000588050255667 0.1240234375 -0.03125
5523 0.000544920834151 0.265625 -0.2421875
8323 0.000509793760446 0.2578125 -0.119140625
1237 0.000478381659737 0.126953125 -0.0703125
3267 0.000476908735147 0.2587890625 -0.103515625
12519 0.000475993465727 0.1572265625 0.03125
8114 0.000432221527671 0.2041015625 -0.046875
6995 0.000432221527671 0.203125 -0.0458984375
8017 0.000432221527671 0.203125 -0.0478515625
11149 0.000432221527671 0.2021484375 -0.046875
4682 0.000419827310893 0.0478515625 0.0625
3766 0.000417667105018 0.265625 -0.1083984375
3794 0.000417218652565 0.306640625 0.05078125
4732 0.00040185506159 0.046875 0.0634765625
4725 0.00040185506159 0.046875 0.0615234375
1126 0.000391116042922 0.1884765625 -0.09375
9154 0.000383731337478 0.0791015625 -0.1875
9202 0.000382890353004 0.0771484375 -0.1875
6700 0.000382890353004 0.078125 -0.1865234375
9213 0.000382890353004 0.078125 -0.1884765625
2526 0.000382200186106 0.0458984375 0.0625
4672 0.000382200186106 0.0478515625 0.0634765625
4686 0.000382200186106 0.0458984375 0.0634765625
4702 0.000382200186106 0.0478515625 0.0615234375
4796 0.000382200186106 0.0458984375 0.0615234375
8921 0.000372453681678 -0.1513671875 0.0771484375
1970 0.000364477737978 0.267578125 0.001953125
270 0.000358690297469 0.296875 0.0458984375
1843 0.000358690297469 0.2978515625 0.046875
3335 0.000356662616226 0.3271484375 -0.2021484375
3389 0.000356662616226 0.3271484375 -0.203125
8510 0.000356662616226 0.328125 -0.2021484375
8623 0.000356662616226 0.328125 -0.2041015625
5480 0.000356662616226 0.3291015625 -0.203125
5471 0.000356662616226 0.3271484375 -0.2041015625
6751 0.000354247488235 0.0791015625 0.125
6859 0.000354247488235 0.078125 0.1259765625
8622 0.000354247488235 0.078125 0.1240234375
8741 0.000354247488235 0.0771484375 0.125
5559 0.000354247488235 0.0791015625 0.1259765625
8957 0.000354247488235 0.0791015625 0.1240234375
7529 0.000346815163375 0.2353515625 0.0
9374 0.000346815163375 0.2333984375 0.0
7290 0.000344945844027 0.2666015625 0.0
9316 0.000342931945788 0.1240234375 -0.046875
8520 0.000340407646866 0.1875 0.2822265625
6821 0.00033235591258 0.03125 -0.0791015625
6669 0.000331627523663 0.0322265625 -0.078125
5484 0.000331627523663 0.0302734375 -0.078125
6686 0.000331627523663 0.03125 -0.0771484375
6870 0.000331627523663 0.0322265625 -0.0791015625
8472 0.000331627523663 0.0302734375 -0.0791015625
6685 0.000331627523663 0.0322265625 -0.0771484375
1781 0.0003298280745 0.125 -0.0458984375
3305 0.000328934104397 -0.224609375 0.15625
9321 0.000295349504707 0.24267578125 -0.208984375
2831 0.000285509560251 0.25 -0.23486328125
2833 0.000285509560251 0.25048828125 -0.234375
2836 0.000285509560251 0.24951171875 -0.234375
2843 0.000285509560251 0.25 -0.23388671875
9088 0.000285509560251 0.25048828125 -0.23486328125
9708 0.000279294708875 0.25048828125 -0.21875
12303 0.000279048257258 -0.07763671875 0.06201171875
4778 0.000264947904135 0.23486328125 -0.265625
6694 0.000264401521151 0.265625 -0.23388671875
7656 0.000264367244502 0.23388671875 -0.265625
9310 0.000264367244502 0.234375 -0.26513671875
9206 0.000263526079388 0.26611328125 0.25
7997 0.000263204649867 0.28173828125 -0.25
8298 0.000254916016192 0.17138671875 0.03125
8917 0.000254916016192 0.171875 0.03173828125
9434 0.000241085719953 0.48486328125 -0.1875
11242 0.000230818971566 -0.09326171875 -0.125
11827 0.000223210545442 0.00830078125 0.25
4193 0.000223210545442 0.00732421875 0.25
2933 0.000222228600514 0.00732421875 -0.24951171875
10269 0.000212689109275 0.13330078125 -0.0625
7506 0.000182415577309 0.0078125 0.10986328125
8935 0.000161091255697 -0.34375 0.07080078125
5535 0.000156166344932 0.0 0.11669921875
4276 0.000129792734072 0.1875 -0.179443359375
12371 0.000110164544328 0.004150390625 0.375
8879 0.000110164544328 0.003662109375 0.375
8515 0.000107145895441 -0.128662109375 -0.125
8378 0.000100534719575 -0.246337890625 0.125
4683 9.84663868546e-05 -0.234130859375 0.0078125
7503 9.84663868546e-05 -0.234375 0.008056640625
4709 9.84663868546e-05 -0.234375 0.007568359375
12350 9.78167827893e-05 -0.370849609375 0.0
3447 9.57074865211e-05 -0.105224609375 0.0390625
5382 9.42985065902e-05 -0.374755859375 -0.00390625
7543 7.99651303095e-05 0.066650390625 -0.0625
7374 6.30384730173e-05 0.437622070312 -0.05859375
213 6.10365419294e-05 0.691528320312 0.0625
8 5.52098631365e-05 0.564575195312 0.375
3152 5.42934775187e-05 0.560668945312 0.375
5517 2.90093273654e-05 0.127014160156 -0.03125
8687 2.90093273654e-05 0.126892089844 -0.03125
9184 1.79645494795e-05 0.0791015625 -0.187530517578
5379 1.5559627309e-05 0.0312805175781 -0.0791015625
7622 1.54413491065e-05 0.125030517578 -0.0458984375
7478 1.24035457076e-05 0.234893798828 -0.265625
9396 3.74380447678e-06 0.0666580200195 -0.0625
9396 7543
4778 7478
1781 7622
6821 5379
9154 9184
9126 8687
9126 5517
3152 3128
4557 8
213 13
7374 6939
9321 9316
7602 7543
3794 1970
4732 4682
4725 4682
5382 5493
3447 2553
6719 12350
4683 4716
7503 4716
4709 4716
8378 6822
2820 8515
12371 8196
8879 8196
3847 4276
9126 12360
4557 3794
7176 5535
8935 3265
1741 3267
3305 8527
6067 7506
3256 3305
8921 6761
3305 6675
8323 8267
MCAST 10269
10399 2933
11827 10430
10430 4193
10715 11242
9434 3758
5409 8917
5409 8298
13489 7997
9206 4269
7656 9505
9505 9310
8470 6694
4778 9505
1237 3784
8228 12303
2563 9708
1653 9088
1653 2843
1653 2836
1653 2833
1653 2831
8650 12676
9321 2563
9164 8196
4641 3661
8921 8228
1781 3608
6669 5400
5400 8472
5400 6686
5400 5484
5400 6685
5400 6870
5400 6821
9316 3608
766 288
8520 5430
6922 7290
2637 2553
7529 2521
2521 9374
9078 8255
9078 12409
6751 9057
6859 9057
9057 8957
9057 8741
9057 8622
9057 5559
6922 1970
3335 5568
3389 5568
8510 5568
8623 5568
5480 5568
5471 5568
297 270
297 1843
6922 3794
8470 5523
2500 4686
2500 2526
2500 4672
2500 4702
2500 4796
9202 5377
6700 5377
5377 9213
9154 5377
2683 5523
1126 1103
4732 2500
2500 4725
6719 9044
1237 3608
6754 5605
2500 4682
3766 6463
8114 3951
6995 3951
8017 3951
11149 3951
2907 2498
2907 2501
2603 3267
8323 2603
3344 12519
5669 9086
2521 4675
8422 8196
2500 2498
2500 2501
2500 4675
297 288
8243 6730
1103 288
8372 8220
8220 8709
8220 12360
9126 8220
6730 8493
3344 9086
2500 4680
8866 8688
8696 5389
5389 8436
5078 7294
5078 8036
9073 6754
8903 5400
6754 5669
3676 3677
3146 568
1778 568
10596 226
226 5726
226 5655
1741 2603
2578 8636
2578 8482
5710 MCAST
11500 3404
3404 13345
719 790
10481 7908
101 7774
8864 1270
1270 12506
1270 5621
9057 8483
1270 12676
4680 7526
1270 9164
7472 3758
2521 4716
3256 9057
8267 2603
8226 12297
2500 4716
6401 6407
6401 11342
12400 8584
4657 7634
719 1741
6849 8601
10742 7194
2895 6869
6656 9057
3352 3324
6713 5511
7855 5511
12435 5511
5511 2471
2500 4704
5400 6730
6754 1270
11256 7908
5377 2588
8903 3352
299 11422
6356 2553
9057 8743
1706 145
32 145
1312 145
145 11039
145 3
145 1742
145 225
145 160
145 2572
145 3128
145 4557
145 2637
6747 2588
6661 2602
6675 8220
1270 12292
145 3677
5856 7170
7170 22
7170 132
7170 175
7170 5976
7170 13
4058 2554
6922 7291
145 101
4786 9496
6371 6471
13683 11734
6602 7921
10396 11992
5106 5105
5716 4923
6138 10916
7091 6939
10381 2901
2901 11389
4142 703
4614 703
703 4711
3352 3273
714 10911
6813 3273
4641 703
703 3661
2563 3608
5400 8228
4436 10683
7702 7617
7617 9268
6259 10618
6405 3686
8501 12423
1275 12657
9073 5430
5409 6427
2547 1955
2012 1955
1955 6711
6983 12173
6983 11693
4628 3758
1668 10681
9057 8228
4740 4807
2683 5568
145 299
11945 11354
6067 6847
4783 3462
3462 7483
12402 5408
5408 3329
5408 5470
5408 3268
9119 3303
8477 3303
12772 3303
6772 3303
5385 3303
8885 8584
6850 8810
2907 2500
852 6058
1849 1670
6906 12578
12409 3303
8255 3303
9044 3303
8404 6730
4323 11756
4911 4203
3628 1785
1785 4017
9078 3303
1136 8483
1653 2603
8742 8551
7303 4967
7303 4387
7303 10983
5050 9
5050 4130
8501 8267
6813 766
6912 2553
6746 5377
2500 2521
703 4716
9284 2764
2764 7704
2764 7637
2764 7647
2764 9544
2764 7602
5641 4969
4969 6260
1275 12292
2521 2554
4509 6327
6327 13937
2041 7436
2041 7208
2041 6472
2041 3110
2041 11209
2041 11591
4595 1225
1290 5631
38 145
6200 145
2917 5436
2500 2554
2500 4688
3344 8001
3674 3847
9151 1241
6362 6553
6729 12362
4513 10450
4513 4136
239 549
549 802
6259 3847
6729 8527
6729 6761
1798 3701
3701 7396
3701 4201
3701 6366
715 11123
6848 702
6595 702
8195 702
8497 702
702 8984
702 5499
702 9034
702 8299
702 6785
702 8394
702 8542
702 8758
702 8434
702 8350
702 8277
702 5493
8885 8551
6747 12578
1270 5409
8650 702
3256 2917
1691 271
6719 702
702 8243
11063 4926
7005 4926
10757 4926
4926 10318
4926 10986
4926 10605
4926 6057
4926 11311
11180 1916
8466 11042
11042 3233
11042 8876
11042 7298
11042 8555
11042 9102
11042 8685
11042 8778
11042 6822
3758 4755
4657 3758
10530 3132
10530 6487
6922 1761
5419 8918
8975 8918
8918 9030
4926 10481
6658 8210
8288 8210
3265 1136
8933 766
5378 5587
5378 8354
5378 9105
5378 8481
8422 8918
1668 1682
3550 6648
6840 3269
8980 3269
3269 5397
3269 5394
3269 6882
8468 5551
12370 5551
5551 8773
5551 9198
8918 8196
5710 10530
3218 5568
6795 3301
3301 8377
3301 3220
3301 5518
3301 2820
5409 3352
5378 8493
3384 13696
3384 10848
3384 7868
3301 5605
38 1225
6200 1225
2828 4313
9013 1890
6656 5378
5650 6114
5650 13563
5650 13946
5650 6137
5650 7011
173 4694
4678 4694
4694 4693
13493 6172
10823 6172
6849 6846
8918 6675
11275 6993
6849 5400
2764 7701
702 6730
4704 4694
3265 702
5551 2588
2056 1682
2895 5568
10938 4230
10454 4230
4230 10670
4230 10733
4230 10429
4230 10954
5574 1759
1759 702
1833 8532
5075 5727
5727 6905
6729 8362
8918 9013
7472 7473
10530 7701
702 3307
6259 12097
683 145
145 210
11042 8362
297 145
6081 4358
1103 145
3307 3301
5401 8918
6705 5430
MCAST 10530
6259 10942
7620 4766
9686 4766
7170 8174
4766 3784
7170 7774
MCAST 6648
3301 5401
2578 3218
10910 8001
145 2603
11284 1916
10715 1916
702 8914
2044 6347
7431 6347
11303 6347
11282 6347
10710 6347
7439 6347
10267 6347
14082 6347
6347 7737
6347 13726
6347 7949
10586 10530
8607 5459
5571 5459
5459 8406
5459 2110
5459 9043
5459 8897
5459 5611
5459 8851
7176 5459
2917 8228
3356 11888
5459 8743
10738 3951
3951 11649
1103 1890
6067 5459
11284 4230
10715 4230
13734 1225
3976 4058
2915 2500
10586 1833
3243 6813
7958 11775
3758 7473
2895 2578
1225 1325
11042 6746
5378 5400
8933 2603
2500 4459
702 5377
9070 11042
702 12578
3701 4222
145 11423
145 11422
2554 1290
8918 6427
5459 8914
5378 6427
3301 5522
5459 5409
6850 3301
9471 5511
2500 4694
3356 8228
6813 3352
3384 11846
13359 10911
3700 10910
702 6747
568 3739
4766 4790
4766 3608
6592 2548
2548 13972
2548 4306
2548 9095
2548 11226
2548 7835
2548 11221
2548 10252
2548 11174
2548 13998
2548 12131
2548 2018
2548 7292
2548 5779
2548 6061
2548 10882
2548 7968
2548 11538
2548 8189
2548 6130
2548 7161
2548 10826
2548 7426
2548 11299
2548 11100
2548 10399
10583 1740
11078 1740
12251 1740
14275 1740
11042 7738
4688 4694
10430 1740
2548 11256
5459 5400
6747 5551
3976 4790
4628 7473
6847 702
2548 7908
2548 7291
145 5511
3976 3608
2939 8175
5459 9057
9057 3356
3356 6427
2041 6086
2548 12097
6347 6463
4230 7738
702 568
5459 8272
715 226
3356 7151
2055 7893
3404 3914
719 702
9079 6453
12524 6453
2766 6453
10569 6453
8160 6453
12538 6453
12713 6453
6400 6453
10354 6453
9304 6453
6677 6453
7271 6453
8002 6453
6877 6453
5769 6453
8452 6453
8895 6453
12632 6453
5639 6453
13489 6453
3512 3549
10242 3549
11458 3549
5033 3549
10390 3549
11333 3549
3549 4492
3549 5651
3549 10557
3549 10759
4269 3549
9505 6453
8470 6453
13333 6347
6108 6347
7170 145
2548 7958
1270 702
6661 6453
2602 6453
2563 6453
11042 8428
2683 6453
8810 6453
6906 6453
9073 3549
5459 3344
2907 6453
8043 3728
1653 6453
145 46
145 17
6746 1740
2828 226
8404 5378
2939 2711
6846 6453
2917 5511
3549 10942
6847 5459
145 5050
3549 5430
11387 2914
11186 2914
11611 2914
3807 2914
11916 2914
5798 2914
2914 11509
2914 1967
2914 11195
2914 7853
2914 7118
2914 11404
2914 6344
2914 12078
2914 10686
2914 7773
2914 11424
2914 11646
2914 11956
2914 11837
2914 11834
2914 3330
2914 7806
2914 6577
2914 13557
2914 11964
2914 6331
2914 10494
3676 2914
5459 8220
13734 3549
2914 5669
3549 8001
3850 13765
8697 8934
11377 10476
4436 10541
3356 8220
7617 9651
2015 6259
5568 6453
5324 3739
9070 3549
6453 5522
6299 11354
10851 11354
6844 5408
6335 6113
6850 6453
5377 6453
1136 1890
1103 6453
12578 6453
2914 6922
2914 2521
4628 6453
2914 210
2914 683
2568 3356
297 2914
2914 8174
6453 6463
8272 6453
2914 7774
3549 7151
2603 6453
5384 8961
2764 4854
7772 4969
4969 2033
10708 1740
73 1740
2914 1325
1930 8933
8933 8756
4657 7473
8933 8501
8933 1275
8933 1955
2914 4222
4657 5727
10977 6347
11168 6347
5742 6347
11976 6347
2041 6259
6405 2041
2914 11846
8933 5408
6747 6453
852 6327
2914 2554
3549 7738
6983 4355
2914 3951
2914 4688
237 145
1784 7023
1849 1290
13333 2914
2914 6108
2379 11047
11466 4277
4319 6453
4319 3549
1668 2056
4788 5727
2914 3344
702 1849
2711 8175
702 1890
6845 11042
11042 9064
852 1691
6335 6395
10296 10530
2041 4969
2568 1740
568 1740
5459 5511
705 4926
8220 6453
226 1740
6347 11215
10708 2914
2914 73
237 6259
2828 4740
3796 8043
237 10789
5650 6521
6847 2914
3549 226
10314 1740
10311 1740
3462 7473
6619 5727
5551 1290
1833 3303
5003 11775
705 4230
2568 2914
6327 6172
2914 568
702 8210
3996 8062
3996 6380
6395 8043
702 3301
2548 11215
2915 5727
10510 6347
10800 6347
3737 6347
4943 6347
6620 6347
13693 6347
4372 6347
4527 6347
8346 6453
4795 6453
6221 3549
3549 11499
6453 12297
6401 6453
8584 6453
5650 2899
3803 3356
3356 5705
4755 6453
6849 6453
4766 5051
3796 6347
9471 6453
2548 11722
2895 6453
3352 6453
145 1740
6813 6453
3356 4969
3976 5051
5459 6745
1916 4230
2914 7782
2914 1746
2914 7194
1225 6347
5459 1290
2917 5459
1833 8210
3549 11722
1833 3301
3976 1290
6729 5459
6729 3356
6402 3549
2548 6259
4788 2914
5459 10530
5459 8918
7170 3549
2548 2860
2548 8079
2548 7132
2548 3799
2548 6128
2548 6223
2548 6181
2548 7770
2548 10424
2548 4958
2548 10829
5459 5378
4323 2548
2548 4911
10849 1740
7178 1740
14486 1740
4374 1740
11030 1740
4376 1740
2914 145
1785 1740
5459 5551
2914 6402
5050 1740
4766 4694
5727 7473
6259 3549
2915 1740
3356 6172
7170 2914
10295 3561
6312 3561
2918 3561
10464 3561
2108 3561
10632 3561
13638 3561
8169 3561
11713 3561
11712 3561
8760 3561
3790 3561
10661 3561
3833 3561
7254 3561
3561 14348
3561 10345
3561 5588
3561 10813
3561 8624
3561 2707
3561 6992
3561 7252
3561 11679
3561 7312
3561 10758
3561 13390
3561 11904
3561 3846
3561 8134
3561 4043
3561 12259
3561 13329
3561 11931
3561 4057
3561 3392
3561 4750
3561 10984
3561 5736
3561 1226
3561 4181
3561 7057
3561 8680
3561 2561
3561 10405
3561 7920
3561 12270
3561 4373
3561 167
3561 8133
3561 3681
3561 11524
3561 13343
3561 1968
3561 3239
3561 12044
3561 6337
3561 10947
8866 3561
3561 7526
5389 3561
3561 5078
6356 3561
2548 8100
2548 2041
3561 1761
6081 3561
4358 3561
9116 6453
6091 3549
10265 3549
6665 3549
3549 3578
6453 8551
7303 6453
3561 3243
2548 4355
3561 3218
3561 11423
3561 11422
5384 6453
13359 3561
3700 3561
1784 3549
3549 7023
2764 6453
2578 3561
3561 6086
3561 2055
3561 3404
719 3561
8428 3561
3549 6745
3561 3728
8404 3561
6327 6453
1270 3561
3549 8100
2548 10830
11610 2914
2914 11092
2914 5496
2914 3819
2914 5752
10977 3561
11168 3561
5742 3561
3561 11976
3561 2939
3976 4766
5459 3356
3561 10311
3561 10314
6172 1740
3549 6395
2914 1225
3976 3356
2917 2914
11042 6453
11042 3549
8346 3561
3561 4795
6221 3561
3561 11499
3561 12297
3561 6401
3561 8584
10530 6453
3561 4755
4657 3561
4355 2914
6849 3561
3549 11418
3561 7782
3561 1746
3561 7194
6648 6453
3561 9471
3269 3549
6729 2914
2895 3561
3561 3352
3561 6813
3561 5511
2914 6395
5727 1740
3561 11215
237 3549
5650 3549
3549 4694
2914 10530
3549 6993
4788 3561
2914 6530
3384 2914
4766 1740
3561 11722
2828 2914
7473 6453
3549 7473
4230 6453
5459 1740
1833 3549
3549 5727
3356 1740
3561 6402
2914 6993
2548 3976
7170 3561
4766 6453
2914 4230
2914 1833
3549 6347
5459 6453
3561 6259
3976 6453
3549 3976
2914 4766
2914 5459
2914 3356
2548 1740
2914 3976
2548 6453
6384 3561
6359 3561
6507 3561
11079 3561
3561 10819
3561 7891
3561 7892
3561 4208
3561 8047
3561 7029
3561 6535
3561 7795
3561 10559
3561 8061
3561 3464
3561 6197
3561 6225
3561 5024
3561 11255
6453 1740
3549 1740
1241 3561
3561 6553
4513 3561
3561 549
5574 3561
3561 4459
3561 7893
3561 3914
3701 3561
715 3561
3561 2379
3561 4277
3561 2056
1691 3561
5003 3561
6380 3561
3561 8062
3561 2711
3561 11775
2899 3561
3561 4926
3561 1916
3996 3561
3561 8043
10830 3561
3561 8918
3561 8210
5378 3561
3561 11418
3561 6648
2548 2914
3561 3269
2914 1740
3561 5551
3561 6530
3561 3301
3384 3561
3549 6453
2828 3561
237 3561
5650 3561
3561 4694
3561 6172
3561 6993
2914 6453
2914 3549
3561 7473
3561 4230
1833 3561
3561 5727
11542 701
10517 701
3554 701
11854 701
6297 701
6594 701
2825 701
7633 701
10339 701
5771 701
8120 701
11225 701
6433 701
10249 701
3502 701
559 701
557 701
6629 701
12194 701
12196 701
11407 701
10839 701
10838 701
10932 701
5533 701
3703 701
7809 701
11400 701
4913 701
11653 701
11718 701
2712 701
8015 701
12062 701
10665 701
6241 701
7751 701
7753 701
10650 701
6790 701
7253 701
701 7046
701 10805
701 6938
701 5772
701 6071
701 13942
701 10694
701 4223
701 10760
701 7037
701 81
701 10971
701 13753
701 6582
701 6588
701 7146
701 11456
701 11598
701 13694
701 13326
701 7498
701 11151
701 3820
701 11012
701 6283
701 7355
701 5714
701 8182
701 12228
701 10271
701 11240
701 4596
701 12049
701 7065
701 6136
701 10828
701 8788
701 4574
701 13567
701 10724
701 10721
701 10680
701 6563
701 10613
701 10614
701 6314
701 2140
701 4977
701 7726
701 10431
701 13997
701 13868
701 3479
701 6083
701 11892
701 13741
701 3614
701 3751
701 11748
701 10912
701 4279
701 7372
701 4449
701 6295
701 2107
701 7832
701 11616
701 6226
701 6227
701 8087
701 8919
701 11191
701 4356
701 8146
701 13413
701 55
701 11104
701 7895
701 8039
701 8138
701 8137
701 5760
701 6065
701 11606
701 4966
701 3950
701 3957
701 9318
701 3505
701 11928
701 7425
701 10552
701 10251
701 12735
701 13676
701 11810
701 13516
701 3378
701 10928
701 7281
701 7284
701 5648
701 6948
701 4456
701 4519
701 4927
701 13586
701 2648
701 5048
701 8000
701 6541
701 4390
701 4393
701 7469
701 9512
701 4581
701 4583
4786 701
6371 701
701 11992
701 5106
701 10916
701 7921
701 11734
701 4923
701 7091
701 6912
2901 701
3674 701
701 6705
701 703
701 10738
701 11649
701 10911
701 10910
701 17
701 46
3850 701
8697 701
8934 701
11377 701
701 13765
701 10476
701 10541
701 9651
2015 701
701 5324
4436 701
6299 701
701 10851
6844 701
701 6113
701 7617
701 8961
701 4854
701 7772
701 2033
1930 701
701 8756
701 1136
6405 701
701 8501
1275 701
1955 701
701 11047
701 11466
6983 701
701 3739
6845 701
9064 701
10296 701
1668 701
701 10789
701 6521
701 4740
701 6619
701 8175
701 11354
3462 701
3561 4766
10510 701
10800 701
3737 701
701 4527
701 4943
701 6620
701 13693
701 4372
3803 701
701 5705
701 5408
701 3303
701 6335
852 701
701 1849
701 1890
3561 6347
4958 701
7132 701
6128 701
2860 701
3799 701
6223 701
701 10829
701 7770
701 10424
701 8079
701 6181
10849 701
7178 701
701 4374
701 14486
701 4376
701 11030
4323 701
4911 701
705 701
701 1785
3561 3356
3796 701
9116 701
6091 701
10265 701
701 6665
701 3578
701 8551
7303 701
701 5050
11610 701
701 5496
701 5752
701 3819
701 11092
701 5051
3561 3976
5384 701
1784 701
701 7023
2764 701
2915 701
701 4969
701 6745
8933 701
6327 701
701 8100
2041 701
701 1225
701 1290
2917 701
4355 701
6384 701
6359 701
6507 701
11079 701
701 8047
701 6225
701 6535
701 7029
701 7795
701 5024
701 8061
701 6197
701 11255
701 10819
701 7891
701 3464
701 7892
701 10559
701 4208
1241 701
701 6553
6729 701
4513 701
701 549
5574 701
701 4459
701 7893
701 3914
3701 701
715 701
701 702
701 2379
701 4277
701 2056
1691 701
5003 701
6380 701
701 8062
701 6395
701 2711
701 11775
2899 701
701 4926
701 1916
11042 701
3996 701
701 10530
701 8043
10830 701
701 8918
701 8210
5378 701
2548 3561
701 11418
3561 1740
701 6648
701 3269
701 5551
701 6530
701 3301
3384 701
2828 701
237 701
5650 701
701 4694
701 6172
701 6993
3561 6453
3561 3549
701 7473
701 4230
1833 701
701 5727
2914 3561
701 4766
701 6347
5459 701
701 3356
701 3976
2548 701
701 1740
701 6453
701 3549
2914 701
3561 701
