1374  2184
701 0.571177863825 0.0 0.0
3561 0.298427358313 1.0 0.0
6461 0.192408532103 0.5 0.0
2914 0.14970210141 0.5 0.5
3549 0.129032452296 0.25 0.0
6453 0.116773870356 0.25 0.25
1740 0.116769465619 0.5 0.25
2548 0.102910135742 0.5 -0.25
1755 0.0778411368978 0.25 -0.25
3976 0.0776694549898 0.75 0.0
5459 0.0776185389882 0.0 0.25
3356 0.0758440059836 0.75 0.25
4766 0.0724442928757 0.25 0.5
7474 0.0717497918227 0.0 -0.25
6347 0.0714561520007 0.75 -0.25
5727 0.0688581212467 0.375 0.0
7473 0.0620960288513 0.375 0.125
1833 0.0619073180765 0.25 0.125
5696 0.0589694377688 0.125 0.0
237 0.0568881731713 0.375 -0.125
4694 0.0560760277572 0.5 0.125
3257 0.0547317720659 0.25 -0.125
6172 0.0544426234739 0.5 -0.125
2828 0.0542969272522 0.375 0.25
5650 0.0534183671531 0.375 -0.25
4230 0.0518985219721 0.125 0.125
5519 0.0512866820621 0.125 0.25
4565 0.050589352215 0.0 0.125
5551 0.0504181029948 0.125 -0.125
5378 0.0503773329427 0.625 0.0
10530 0.0485631877976 0.125 0.375
6993 0.0484000168457 0.625 0.125
11042 0.0481526678822 0.0 -0.125
8918 0.0468361897696 0.125 -0.25
6079 0.0464455765874 0.625 -0.125
2056 0.046269540731 0.625 0.25
3301 0.0462167158482 0.375 -0.375
6729 0.0458528808317 0.25 0.375
715 0.0457208522195 0.625 -0.25
3914 0.0452926393132 0.375 0.375
549 0.0448407318316 0.25 -0.375
4513 0.0448407318316 0.5 0.375
600 0.0447612076968 0.5 -0.375
2041 0.0447460427654 -0.125 0.0
6076 0.0436462231111 0.125 -0.375
3384 0.0436197404863 0.75 0.125
6530 0.0428852229757 0.625 0.375
3269 0.0425639491553 0.75 -0.125
11418 0.042015526056 -0.125 0.125
6648 0.0417377754715 0.375 0.5
8210 0.0413088518105 0.625 -0.375
10830 0.040916458722 0.375 -0.5
4569 0.040916458722 0.25 -0.5
8043 0.0400175502824 -0.125 -0.125
702 0.0399498699902 -0.125 -0.25
3996 0.0398064285781 0.0 0.375
4969 0.0395022967892 -0.125 0.25
2510 0.0393835555111 0.0 -0.375
4926 0.0391818562746 0.5 -0.5
1916 0.039162242449 0.125 0.5
2899 0.0388341671634 0.875 0.0
6259 0.038755960459 0.875 -0.125
7795 0.0387150952401 0.125 -0.5
6395 0.0385806949343 -0.25 0.125
11775 0.0384442584961 0.875 0.125
5496 0.0384248456103 -0.125 0.375
2711 0.038335262652 0.75 0.375
3464 0.0383240213974 0.75 -0.375
8062 0.0382614231224 0.625 0.5
6380 0.0382614231224 -0.25 0.0
5003 0.0382041156836 0.875 0.25
6388 0.0381990567568 0.625 -0.5
8047 0.0381400485503 0.875 -0.25
8011 0.0381031075219 -0.125 -0.375
1691 0.0377909566782 -0.25 -0.125
4277 0.037664301764 0.0 0.5
2379 0.037664301764 0.0 -0.5
3701 0.0375149555136 0.375 0.625
7893 0.0371805674996 0.375 -0.625
4459 0.0369542599516 0.25 0.625
7915 0.0369222329292 -0.25 0.25
5574 0.0368602032069 0.25 -0.625
2764 0.0367736515465 -0.25 -0.25
4544 0.0366744931281 0.5 0.625
1241 0.0366513019616 0.5 -0.625
6553 0.0366513019616 0.75 0.5
6359 0.0365864168087 0.75 -0.5
6197 0.0365864168087 0.875 0.375
6225 0.0365864168087 0.875 -0.375
6507 0.0365864168087 0.125 0.625
6535 0.0365864168087 0.125 -0.625
7029 0.0365864168087 1.0 0.125
8061 0.0365864168087 1.0 -0.125
11255 0.0365864168087 -0.125 0.5
10819 0.0365864168087 -0.125 -0.5
11079 0.0365864168087 0.625 0.625
6384 0.0365864168087 0.625 -0.625
6387 0.0365864168087 -0.25 0.375
5024 0.0365864168087 -0.25 -0.375
7892 0.0365864168087 1.0 0.25
4208 0.0365864168087 1.0 -0.25
7894 0.0365864168087 0.0 0.625
7891 0.0365864168087 0.0 -0.625
10559 0.0365864168087 -0.375 0.0
4323 0.0365207355122 -0.375 -0.125
6181 0.0364560813567 -0.375 0.125
1225 0.0360443923311 -0.375 0.25
3303 0.0358606015725 -0.375 -0.25
4355 0.0357376314613 -0.25 0.5
2917 0.0354428808162 0.0625 0.0625
5705 0.0353173329801 0.1875 0.0
1290 0.0350031141069 0.0625 0.0
3462 0.0349243883625 0.125 0.0625
7170 0.0347385614074 0.625 0.0625
1668 0.0343372807551 0.1875 0.0625
8100 0.0337896422824 0.125 -0.0625
4854 0.0336734060394 0.0625 -0.0625
11142 0.0333359453523 0.1875 0.125
6113 0.033264436327 0.1875 -0.0625
7023 0.0332393517272 0.0 0.0625
6745 0.0327255016706 0.0 -0.0625
6327 0.0324874064359 0.0625 0.125
6402 0.0323793894226 0.6875 0.125
2915 0.0322088980793 0.25 0.0625
13694 0.0321260394434 0.25 -0.0625
5771 0.0321260394434 0.1875 -0.125
3563 0.0321260394434 0.0625 -0.125
10614 0.0321260394434 0.3125 0.0
9318 0.0321260394434 0.125 0.1875
8933 0.0314994040862 -0.0625 0.0
3320 0.0310895193524 0.6875 0.0625
1784 0.0308582673181 -0.0625 0.0625
5050 0.0306052678067 0.0625 0.1875
4740 0.0303720726004 -0.0625 -0.0625
5051 0.0303468656778 0.1875 0.1875
11610 0.0303292972888 0.0 0.1875
3819 0.0303292972888 0.0625 0.25
5752 0.0303292972888 -0.0625 0.125
11092 0.0303292972888 0.25 0.1875
5384 0.0300082285483 -0.125 0.0625
1785 0.029629377113 -0.0625 0.1875
6091 0.0294596003692 -0.0625 -0.125
6665 0.0294596003692 -0.125 -0.0625
10265 0.0294596003692 0.0625 -0.1875
33 0.0294596003692 0.0 -0.1875
3578 0.0294596003692 0.125 -0.1875
7303 0.0292278281908 -0.125 0.1875
3803 0.0291761541949 0.3125 0.0625
8551 0.0291618998512 -0.1875 0.0625
9116 0.0291045007253 -0.0625 0.25
10506 0.0289436865089 0.1875 0.25
11030 0.0289436865089 0.3125 0.125
4376 0.0289436865089 0.3125 -0.0625
4374 0.0289436865089 0.1875 -0.1875
7178 0.0289436865089 0.3125 0.1875
14486 0.0289436865089 0.0625 0.3125
10849 0.0289436865089 0.125 0.3125
3796 0.0287210306999 -0.0625 -0.1875
4911 0.0284108297771 0.0625 -0.25
2860 0.0283605330351 0.25 -0.1875
6095 0.0283605330351 0.1875 -0.25
6223 0.0283605330351 -0.125 -0.1875
3799 0.0283605330351 0.3125 -0.125
10829 0.0283605330351 -0.0625 -0.25
7770 0.0283605330351 -0.1875 -0.0625
8079 0.0283605330351 -0.1875 0.0
4958 0.0283605330351 0.0625 -0.3125
6128 0.0283605330351 -0.1875 -0.125
10424 0.0283605330351 0.125 -0.3125
7132 0.0283605330351 0.3125 -0.1875
7617 0.0283382508431 -0.1875 0.125
705 0.0278630206531 -0.1875 -0.1875
7586 0.0277190785045 0.375 0.1875
6790 0.0273058174003 -0.25 -0.0625
5539 0.0273058174003 0.0 -0.3125
5554 0.0273058174003 -0.25 0.0625
6459 0.0272986042962 0.375 0.0625
1849 0.027232574448 -0.1875 0.1875
1890 0.0272166556816 -0.1875 -0.25
145 0.0271844967123 0.4375 0.25
5408 0.0270914570397 -0.3125 0.0
6335 0.0270536319177 -0.25 0.1875
7498 0.0270495171318 -0.0625 -0.3125
7469 0.0270495171318 -0.25 -0.1875
4527 0.0270371391854 0.375 -0.0625
10510 0.0270371391854 0.1875 -0.3125
4372 0.0270371391854 0.3125 -0.25
10800 0.0270371391854 0.25 -0.3125
5697 0.0270371391854 0.375 -0.1875
4943 0.0270371391854 0.0625 -0.375
13693 0.0270371391854 0.0 0.3125
3737 0.0270371391854 -0.125 -0.3125
6620 0.0270371391854 0.4375 0.0
852 0.027035588269 -0.1875 0.25
7194 0.0269980762872 0.75 0.0625
7782 0.0269502801753 0.75 0.1875
1746 0.0269502801753 0.8125 0.125
6619 0.0269278595494 -0.0625 0.3125
1275 0.0268407976214 -0.125 0.3125
7832 0.0265117567902 -0.3125 0.0625
7037 0.0265117567902 -0.3125 -0.0625
10789 0.0264242385743 0.1875 0.3125
4786 0.0264136274527 -0.3125 0.125
8175 0.0262863347456 0.3125 0.25
6521 0.0262782414765 -0.3125 -0.125
11354 0.0261920099596 -0.3125 0.1875
10296 0.0260739278893 -0.1875 0.3125
6845 0.0260566532664 -0.1875 -0.3125
9064 0.0260566532664 -0.3125 -0.1875
3739 0.0260202382515 -0.375 0.0625
6405 0.0259592678718 -0.375 -0.0625
8501 0.0256966609236 -0.0625 0.375
7772 0.0256926727526 0.0625 0.375
2033 0.0256926727526 -0.25 0.3125
2015 0.0256611881769 0.25 0.3125
6983 0.0256250070532 -0.3125 0.25
11466 0.0256153738576 0.1875 0.375
11047 0.0256153738576 -0.0625 -0.375
17 0.0255837090744 -0.1875 0.375
9265 0.0255778577179 -0.3125 -0.25
1955 0.0254913130641 -0.25 -0.3125
111 0.0254259951755 0.3125 0.3125
1136 0.0253949334916 -0.1875 -0.375
1930 0.025355928604 -0.375 0.1875
8756 0.025355928604 -0.375 -0.1875
8961 0.025293206534 0.1875 -0.375
10910 0.0252373801271 -0.4375 0.0
9651 0.025222939961 -0.3125 0.3125
46 0.025174258744 0.4375 0.0625
6844 0.025170482113 -0.4375 0.0625
6299 0.0251326350877 0.0 0.4375
10851 0.0251326350877 -0.4375 -0.0625
4436 0.0251306769284 0.0 -0.4375
5324 0.0251254125865 -0.3125 -0.3125
10541 0.0250879838186 0.0625 -0.4375
11377 0.0250861083196 0.4375 -0.0625
13765 0.0250861083196 0.0625 0.4375
3850 0.0250861083196 -0.0625 0.4375
8934 0.0250861083196 -0.0625 -0.4375
10476 0.0250861083196 0.3125 -0.3125
8697 0.0250861083196 -0.125 -0.4375
6705 0.0246464945742 0.4375 0.125
10911 0.0246460832105 -0.4375 0.125
3674 0.0245664010092 0.4375 -0.125
81 0.0244399414523 -0.4375 -0.125
7091 0.0244188104715 0.125 0.4375
11649 0.0243976024205 -0.125 0.4375
10738 0.0243976024205 0.125 -0.4375
3751 0.0243872530297 0.4375 0.1875
703 0.024322490174 -0.4375 0.1875
10916 0.0241776903341 0.4375 -0.1875
3479 0.0241607142697 -0.4375 -0.1875
5106 0.0241158773416 0.1875 0.4375
2901 0.0241158773416 -0.1875 0.4375
6912 0.0240979948307 0.1875 -0.4375
6371 0.0240731085172 -0.1875 -0.4375
7921 0.0240731085172 0.375 0.3125
11734 0.0240731085172 -0.375 0.3125
11992 0.0240731085172 0.375 -0.3125
4923 0.0240731085172 -0.375 -0.3125
6597 0.0240731085172 0.3125 0.375
11542 0.0240304911219 -0.3125 0.375
11616 0.0240304911219 0.3125 -0.375
559 0.0240304911219 -0.3125 -0.375
557 0.0240304911219 -0.5 0.0
5533 0.0240304911219 0.5 0.0625
8015 0.0240304911219 -0.5 0.0625
4596 0.0240304911219 0.5 -0.0625
10971 0.0240304911219 -0.5 -0.0625
11598 0.0240304911219 0.0625 0.5
12228 0.0240304911219 -0.0625 0.5
7065 0.0240304911219 0.0625 -0.5
8156 0.0240304911219 -0.0625 -0.5
11118 0.0240304911219 -0.4375 0.25
8022 0.0240304911219 0.4375 -0.25
6563 0.0240304911219 -0.4375 -0.25
3820 0.0240304911219 0.25 0.4375
8182 0.0240304911219 -0.25 0.4375
13997 0.0240304911219 0.25 -0.4375
6178 0.0240304911219 -0.25 -0.4375
11748 0.0240304911219 -0.5 0.125
7207 0.0240304911219 -0.5 -0.125
7206 0.0240304911219 -0.375 0.375
6226 0.0240304911219 -0.375 -0.375
6227 0.0240304911219 0.5 0.1875
8146 0.0240304911219 -0.5 0.1875
55 0.0240304911219 0.5 -0.1875
11104 0.0240304911219 -0.5 -0.1875
8039 0.0240304911219 0.1875 0.5
10680 0.0240304911219 -0.1875 0.5
12735 0.0240304911219 0.1875 -0.5
13676 0.0240304911219 -0.1875 -0.5
13516 0.0240304911219 0.4375 0.3125
4519 0.0240304911219 -0.4375 0.3125
5048 0.0240304911219 0.4375 -0.3125
9512 0.0240304911219 -0.4375 -0.3125
10517 0.0240304911219 0.3125 0.4375
7046 0.0240304911219 -0.3125 0.4375
4356 0.0240304911219 0.3125 -0.4375
10839 0.0240304911219 -0.3125 -0.4375
10838 0.0240304911219 -0.5 0.25
11653 0.0240304911219 -0.5 -0.25
2712 0.0240304911219 -0.25 -0.5
10694 0.0240304911219 0.5625 0.0
6241 0.0240304911219 -0.5625 0.0
13942 0.0240304911219 0.0 0.5625
7146 0.0240304911219 0.0 -0.5625
11012 0.0240304911219 0.5625 0.0625
5714 0.0240304911219 -0.5625 0.0625
10431 0.0240304911219 0.5625 -0.0625
11240 0.0240304911219 -0.5625 -0.0625
12049 0.0240304911219 0.0625 0.5625
10828 0.0240304911219 -0.0625 0.5625
4574 0.0240304911219 0.0625 -0.5625
2140 0.0240304911219 -0.0625 -0.5625
4977 0.0240304911219 0.5625 0.125
8087 0.0240304911219 -0.5625 0.125
6083 0.0240304911219 0.5625 -0.125
7809 0.0240304911219 -0.5625 -0.125
13413 0.0240304911219 0.125 0.5625
6065 0.0240304911219 -0.125 0.5625
4966 0.0240304911219 0.125 -0.5625
4960 0.0240304911219 -0.125 -0.5625
8137 0.0240304911219 0.4375 0.375
11928 0.0240304911219 -0.4375 0.375
10251 0.0240304911219 0.4375 -0.375
11810 0.0240304911219 -0.4375 -0.375
4364 0.0240304911219 0.375 0.4375
5648 0.0240304911219 -0.375 0.4375
8672 0.0240304911219 0.375 -0.4375
8097 0.0240304911219 -0.375 -0.4375
12062 0.0240304911219 0.5 0.3125
6652 0.0240304911219 -0.5 0.3125
10805 0.0240304911219 0.5 -0.3125
10339 0.0240304911219 -0.5 -0.3125
6071 0.0240304911219 0.3125 0.5
10249 0.0240304911219 -0.3125 0.5
4223 0.0240304911219 0.3125 -0.5
6475 0.0240304911219 -0.3125 -0.5
7751 0.0240304911219 0.5625 0.1875
7753 0.0240304911219 -0.5625 0.1875
10650 0.0240304911219 0.5625 -0.1875
13753 0.0240304911219 -0.5625 -0.1875
11456 0.0240304911219 0.1875 0.5625
13326 0.0240304911219 -0.1875 0.5625
7910 0.0240304911219 0.1875 -0.5625
6283 0.0240304911219 -0.1875 -0.5625
7355 0.0240304911219 0.5625 0.25
10271 0.0240304911219 -0.5625 0.25
8788 0.0240304911219 0.5625 -0.25
7726 0.0240304911219 -0.5625 -0.25
13868 0.0240304911219 0.25 0.5625
13741 0.0240304911219 -0.25 0.5625
3614 0.0240304911219 0.25 -0.5625
5772 0.0240304911219 -0.25 -0.5625
10912 0.0240304911219 0.4375 0.4375
4449 0.0240304911219 -0.4375 0.4375
6297 0.0240304911219 0.4375 -0.4375
6295 0.0240304911219 -0.4375 -0.4375
2107 0.0240304911219 -0.625 0.0
8919 0.0240304911219 -0.5 0.375
11191 0.0240304911219 -0.5 -0.375
8138 0.0240304911219 -0.375 0.5
5760 0.0240304911219 -0.375 -0.5
3950 0.0240304911219 -0.625 0.0625
3957 0.0240304911219 0.625 -0.0625
6433 0.0240304911219 -0.625 -0.0625
7425 0.0240304911219 0.0625 0.625
10928 0.0240304911219 -0.0625 0.625
7281 0.0240304911219 0.0625 -0.625
7284 0.0240304911219 -0.0625 -0.625
4456 0.0240304911219 -0.625 0.125
4927 0.0240304911219 -0.625 -0.125
13586 0.0240304911219 -0.125 0.625
2648 0.0240304911219 -0.125 -0.625
4581 0.0240304911219 0.5625 0.3125
4583 0.0240304911219 -0.5625 0.3125
3554 0.0240304911219 0.5625 -0.3125
11854 0.0240304911219 -0.5625 -0.3125
6594 0.0240304911219 0.3125 0.5625
2825 0.0240304911219 -0.3125 0.5625
7633 0.0240304911219 0.3125 -0.5625
6938 0.0240304911219 -0.3125 -0.5625
8120 0.0240304911219 0.625 0.1875
11225 0.0240304911219 -0.625 0.1875
7372 0.0240304911219 0.625 -0.1875
12194 0.0240304911219 -0.625 -0.1875
12196 0.0240304911219 0.1875 0.625
11407 0.0240304911219 -0.1875 0.625
11400 0.0240304911219 0.1875 -0.625
10932 0.0240304911219 -0.1875 -0.625
10933 0.0240304911219 0.5 0.4375
3703 0.0240304911219 -0.5 0.4375
4913 0.0240304911219 0.5 -0.4375
11718 0.0240304911219 -0.5 -0.4375
10665 0.0240304911219 0.4375 0.5
7253 0.0240304911219 -0.4375 0.5
11881 0.0240304911219 0.4375 -0.5
14292 0.0240304911219 -0.4375 -0.5
6582 0.0240304911219 -0.625 0.25
6588 0.0240304911219 -0.625 -0.25
4261 0.0240304911219 -0.25 0.625
11151 0.0240304911219 -0.25 -0.625
6629 0.0240304911219 0.5625 0.375
6139 0.0240304911219 -0.5625 0.375
6136 0.0240304911219 0.5625 -0.375
13567 0.0240304911219 -0.5625 -0.375
7395 0.0240304911219 0.375 0.5625
10724 0.0240304911219 -0.375 0.5625
10721 0.0240304911219 0.375 -0.5625
10613 0.0240304911219 -0.375 -0.5625
6314 0.0240304911219 0.6875 0.0
10437 0.0240304911219 -0.6875 0.0
11892 0.0240304911219 0.0 0.6875
4279 0.0240304911219 0.0 -0.6875
4278 0.0240304911219 -0.6875 0.0625
6948 0.0240304911219 0.6875 -0.0625
6630 0.0240304911219 -0.6875 -0.0625
7895 0.0240304911219 0.0625 0.6875
11606 0.0240304911219 -0.0625 0.6875
3502 0.0240304911219 0.0625 -0.6875
3505 0.0240304911219 -0.0625 -0.6875
10760 0.0240304911219 -0.6875 0.125
10552 0.0240304911219 0.6875 -0.125
3378 0.0240304911219 -0.6875 -0.125
8000 0.0240304911219 0.125 0.6875
6541 0.0240304911219 -0.125 0.6875
4390 0.0240304911219 0.125 -0.6875
4393 0.0240304911219 -0.125 -0.6875
4433 0.0233879019545 0.75 -0.0625
226 0.0227673751226 0.6875 0.1875
11722 0.0223150768474 0.8125 -0.0625
568 0.0221619453403 0.625 0.3125
3292 0.0220901929167 0.8125 0.0625
4788 0.0217521002813 0.8125 0.1875
4657 0.021320886312 0.8125 0.0
7252 0.0212173647176 0.875 0.0625
7526 0.0207036050789 0.875 -0.0625
6992 0.0206514740084 0.8125 -0.125
5511 0.0200116049258 0.6875 0.25
11215 0.0198926156636 0.9375 -0.0625
8220 0.0197273814039 0.5625 0.4375
6813 0.0189733460187 0.875 0.1875
3352 0.0186393065556 0.9375 0.0625
4319 0.0184380638405 0.6875 0.3125
2895 0.0183972535207 0.9375 0.125
9471 0.0183113553806 0.9375 0.0
6849 0.0180624605705 0.8125 0.25
6221 0.0179850349341 0.75 -0.1875
11499 0.0179850349341 0.8125 -0.1875
8584 0.017827872936 0.78125 0.0625
2855 0.0177915642833 0.84375 0.0625
4755 0.0176672878449 0.78125 0.09375
6401 0.0175626079499 0.8125 0.09375
12297 0.0175003136731 0.78125 0.03125
4795 0.0174693319585 0.8125 0.03125
8346 0.0174693319585 0.75 0.09375
10311 0.0174691210739 0.875 0.09375
10314 0.0174691210739 0.84375 0.09375
13333 0.0174010025519 0.53125 0.125
5588 0.0171393961881 0.8125 -0.03125
8651 0.0166925051489 0.5 0.28125
2561 0.0158312519653 0.84375 -0.03125
2108 0.0158312519653 0.84375 -0.0625
4358 0.0156977070255 0.84375 0.0
6081 0.0156977070255 0.84375 0.03125
297 0.0156378666698 0.46875 0.21875
9273 0.0156041870684 0.84375 0.125
6427 0.0156029228447 0.53125 0.03125
11168 0.0155625737503 0.9375 -0.03125
10977 0.0155625737503 0.96875 -0.0625
11976 0.0155625737503 0.96875 -0.03125
5742 0.0155625737503 0.90625 -0.0625
2939 0.0152751539373 0.90625 0.03125
2200 0.0152677461075 0.875 0.03125
11422 0.0152194452087 0.9375 0.03125
8001 0.0150651859334 0.34375 0.0
1270 0.0150539848243 0.875 -0.03125
10345 0.0150371913552 0.90625 0.0
8404 0.0147933590854 0.96875 0.0
2568 0.0147600569984 0.53125 0.34375
8680 0.0147139537548 0.90625 0.0625
5669 0.0146468320844 0.5 0.21875
8428 0.0145820878314 0.90625 -0.03125
3404 0.014513174784 0.90625 0.09375
2578 0.0145023831456 1.0 0.03125
6086 0.0144387458236 0.78125 0.0
2603 0.0144196257945 0.25 0.09375
719 0.0143432097725 0.875 -0.09375
52 0.0143400932477 0.96875 0.03125
3728 0.0142398172014 0.84375 -0.09375
11315 0.0142046635054 0.9375 -0.09375
2055 0.0141204587849 0.90625 -0.09375
11423 0.0141091436394 0.96875 0.0625
8938 0.0139763151612 0.28125 0.21875
8866 0.0138886576738 1.0 -0.03125
4293 0.0138027062256 0.9375 0.09375
1249 0.013699693309 1.0 0.0625
7637 0.0136460063253 0.3125 -0.09375
3700 0.0136179113536 0.78125 -0.03125
13359 0.0135930325928 0.96875 0.09375
3218 0.013475133292 1.03125 0.0
7441 0.0134486970035 1.03125 0.03125
3243 0.0133542659339 1.03125 -0.03125
6788 0.0131661488343 1.0625 0.0
5078 0.0130766024468 1.0 -0.0625
8002 0.0130089545932 0.375 0.09375
3681 0.0129653760172 1.0625 0.03125
5385 0.0129237539811 0.3125 -0.03125
9418 0.0129194314655 1.0625 -0.03125
1761 0.0128698753413 1.03125 0.0625
8400 0.0127540428524 1.03125 -0.0625
3847 0.0127369192817 0.53125 -0.03125
6356 0.0126234293957 1.0625 0.0625
5389 0.0126005403252 1.0625 -0.0625
3632 0.0125781934444 1.09375 0.0
13607 0.0125559256869 1.0 0.09375
10632 0.0125559256869 1.0 -0.09375
8169 0.0125559256869 1.09375 0.03125
8760 0.0125559256869 1.09375 -0.03125
3833 0.0125559256869 1.03125 0.09375
10661 0.0125559256869 1.03125 -0.09375
10405 0.0125559256869 0.96875 -0.09375
1968 0.0125559256869 1.09375 0.0625
4750 0.0125559256869 1.09375 -0.0625
10984 0.0125559256869 1.0625 0.09375
7057 0.0125559256869 1.0625 -0.09375
7844 0.0125559256869 1.125 0.0
167 0.0125559256869 1.125 0.03125
11966 0.0125559256869 1.125 -0.03125
3790 0.0125559256869 1.03125 0.125
7312 0.0125559256869 0.96875 0.125
11904 0.0125559256869 1.03125 -0.125
1226 0.0125559256869 0.96875 -0.125
4181 0.0125559256869 1.09375 0.09375
12044 0.0125559256869 1.09375 -0.09375
2707 0.0125559256869 1.125 0.0625
10758 0.0125559256869 1.125 -0.0625
11931 0.0125559256869 1.0625 0.125
4373 0.0125559256869 1.0625 -0.125
10813 0.0125559256869 0.9375 -0.125
11679 0.0125559256869 1.15625 0.0
12259 0.0125559256869 1.0 0.15625
7015 0.0125559256869 1.0 -0.15625
5736 0.0125559256869 1.125 0.09375
11267 0.0125559256869 1.125 -0.09375
11049 0.0125559256869 1.09375 0.125
3846 0.0125559256869 0.90625 0.125
4043 0.0125559256869 1.09375 -0.125
13329 0.0125559256869 0.90625 -0.125
4057 0.0125559256869 1.15625 0.03125
13638 0.0125559256869 1.15625 -0.03125
7920 0.0125559256869 1.03125 0.15625
14155 0.0125559256869 0.96875 0.15625
10464 0.0125559256869 1.03125 -0.15625
3239 0.0125559256869 0.96875 -0.15625
14348 0.0125559256869 1.15625 0.0625
8134 0.0125559256869 1.15625 -0.0625
8133 0.0125559256869 1.0625 0.15625
11219 0.0125559256869 0.9375 0.15625
13343 0.0125559256869 1.0625 -0.15625
6337 0.0125559256869 0.9375 -0.15625
10295 0.0125559256869 1.125 0.125
8624 0.0125559256869 1.125 -0.125
2918 0.0125559256869 1.15625 0.09375
11713 0.0125559256869 1.15625 -0.09375
11712 0.0125559256869 1.09375 0.15625
14107 0.0125559256869 0.90625 0.15625
7254 0.0125559256869 1.09375 -0.15625
13390 0.0125559256869 0.90625 -0.15625
3392 0.0125559256869 1.1875 0.0
11524 0.0125559256869 1.0 0.1875
10947 0.0125559256869 1.0 -0.1875
6312 0.0125559256869 1.1875 0.03125
12270 0.0125559256869 1.1875 -0.03125
12548 0.0125559256869 1.03125 0.1875
4058 0.0117705213302 0.59375 0.0
6847 0.0114035927197 0.28125 0.3125
10708 0.011212001554 0.5 0.40625
73 0.011212001554 0.53125 0.375
2044 0.011102196385 0.59375 -0.0625
5415 0.0105679562196 0.21875 0.09375
3344 0.010305925992 0.34375 0.375
1120 0.0101756832752 0.53125 0.0
5595 0.010121710466 0.40625 -0.03125
12362 0.0100249490073 0.46875 0.0625
11537 0.00973193601571 0.3125 0.03125
2554 0.00966977175521 0.40625 0.34375
7738 0.00963906310457 0.15625 0.0
6108 0.00930545423041 0.59375 0.25
3329 0.00923553931264 0.40625 0.0
6939 0.00922899280025 0.4375 0.03125
6747 0.00913690023463 0.125 0.03125
4688 0.00902622260164 0.53125 0.40625
9070 0.00876341561456 0.25 -0.015625
2500 0.00874300402771 0.28125 0.125
3951 0.0087252685128 0.390625 0.375
4743 0.00863917127322 0.546875 0.0
7151 0.00862040278397 0.421875 0.078125
195 0.00847920828939 0.515625 0.21875
4778 0.00846112271583 0.515625 0.0
3720 0.00845114375624 0.484375 0.0
6936 0.00845114375624 0.5 0.015625
9505 0.00833270431916 0.15625 0.046875
8272 0.0081793075731 0.140625 0.25
11846 0.00813427535005 0.546875 0.40625
10993 0.00809554832153 0.5 -0.015625
5670 0.00809554832153 0.515625 0.015625
6248 0.00809554832153 0.484375 0.015625
4167 0.00809554832153 0.515625 -0.015625
7961 0.00809554832153 0.484375 -0.015625
3925 0.00809554832153 0.46875 0.0
9156 0.00809554832153 0.5 0.03125
10245 0.00809554832153 0.5 -0.03125
5583 0.00809554832153 0.53125 0.015625
5687 0.00809554832153 0.46875 0.015625
7735 0.00809554832153 0.53125 -0.015625
3734 0.00809554832153 0.46875 -0.015625
8121 0.00809554832153 0.515625 0.03125
9448 0.00809554832153 0.484375 0.03125
7380 0.00809554832153 0.515625 -0.03125
6555 0.00809554832153 0.484375 -0.03125
4645 0.00809554832153 0.46875 0.03125
4800 0.00809554832153 0.46875 -0.03125
5425 0.00809554832153 0.453125 0.0
7468 0.00809554832153 0.5 0.046875
6463 0.00794819680591 0.4375 0.046875
2521 0.00790623643121 0.484375 0.453125
3582 0.00787741191784 0.46875 0.515625
4222 0.00787741191784 0.46875 0.53125
7774 0.00783973160413 0.515625 0.40625
1325 0.00781549688011 0.328125 0.4375
8174 0.00776049653637 0.53125 0.421875
4628 0.0077242268561 0.28125 0.203125
5400 0.00766367505345 0.359375 0.140625
10906 0.00755389148402 0.171875 -0.03125
6922 0.00746157245429 0.53125 0.453125
683 0.00744257378908 0.484375 0.46875
210 0.00744257378908 0.5 0.46875
11370 0.00739446105535 0.359375 0.15625
1103 0.00725965944393 0.203125 0.15625
6746 0.00724053523642 0.34375 0.125
12578 0.00719831354961 0.140625 0.109375
9057 0.00719743889081 0.359375 0.25
12562 0.00715935759104 0.28125 0.0625
5522 0.00715935759104 0.28125 0.078125
5377 0.00715816401363 0.15625 0.109375
6850 0.00707739301367 0.296875 0.078125
10942 0.00705980630236 0.390625 -0.015625
3354 0.00701518033185 0.5 0.484375
13734 0.00694579996046 0.109375 0.046875
3330 0.00688686240806 0.46875 0.46875
5430 0.00682449248979 0.265625 0.015625
6598 0.00681130758159 0.359375 -0.15625
5568 0.00677670738058 0.390625 0.203125
4269 0.00674920200581 0.328125 0.0
10448 0.00666591746555 0.484375 0.484375
8896 0.00659441090379 0.15625 0.125
3608 0.00658807733304 0.5 0.234375
1759 0.00650738637705 0.140625 -0.328125
3676 0.00635818911961 0.515625 0.5
2495 0.00632118774209 0.484375 0.5
4790 0.00631637455588 0.515625 0.234375
11387 0.00629880616693 0.5 0.515625
11611 0.00629880616693 0.515625 0.515625
6577 0.00629880616693 0.484375 0.515625
7853 0.00629880616693 0.515625 0.484375
1967 0.00629880616693 0.53125 0.5
8159 0.00629880616693 0.46875 0.5
11964 0.00629880616693 0.5 0.53125
6344 0.00629880616693 0.53125 0.515625
11916 0.00629880616693 0.53125 0.484375
3807 0.00629880616693 0.46875 0.484375
11834 0.00629880616693 0.515625 0.53125
10686 0.00629880616693 0.484375 0.53125
7773 0.00629880616693 0.515625 0.46875
12078 0.00629880616693 0.53125 0.53125
7806 0.00629880616693 0.53125 0.46875
11646 0.00629880616693 0.546875 0.5
10494 0.00629880616693 0.453125 0.5
11424 0.00629880616693 0.5 0.546875
11195 0.00629880616693 0.5 0.453125
7118 0.00629880616693 0.546875 0.515625
11509 0.00629880616693 0.453125 0.515625
6331 0.00629880616693 0.546875 0.484375
11186 0.00629880616693 0.453125 0.484375
5798 0.00629880616693 0.515625 0.546875
11404 0.00629880616693 0.484375 0.546875
11837 0.00629880616693 0.515625 0.453125
13557 0.00629880616693 0.546875 0.53125
11956 0.00629880616693 0.453125 0.53125
8149 0.00621286204998 0.296875 -0.171875
6905 0.00617269470596 0.296875 -0.125
11078 0.00598312077602 0.453125 0.25
12097 0.00596073896833 0.59375 -0.203125
7958 0.00594774078813 0.59375 -0.140625
9073 0.00592455240756 0.265625 0.0
6846 0.005673423498 0.328125 0.25
1653 0.00556940477712 0.25 0.21875
3512 0.00542910924729 0.234375 0.0
10390 0.00542910924729 0.25 0.015625
11333 0.00542910924729 0.234375 0.015625
10759 0.00542910924729 0.265625 -0.015625
5651 0.00542910924729 0.234375 -0.015625
12077 0.00542910924729 0.28125 0.0
5738 0.00542910924729 0.21875 0.0
10242 0.00542910924729 0.25 0.03125
11458 0.00542910924729 0.25 -0.03125
5033 0.00542910924729 0.28125 0.015625
4492 0.00542910924729 0.21875 0.015625
10557 0.00542910924729 0.28125 -0.015625
8773 0.00539684280518 0.203125 -0.203125
2907 0.00536568161592 0.25 0.234375
5409 0.00535909027895 0.296875 0.15625
6877 0.00535805784823 0.234375 0.234375
8228 0.00533609577546 0.515625 0.1875
6761 0.00522342126795 0.265625 -0.03125
8377 0.00522005183323 0.28125 -0.28125
2683 0.00521651604581 0.265625 0.25
6906 0.00521627342428 0.234375 0.25
8810 0.00521118302049 0.265625 0.234375
2563 0.00520954598762 0.265625 0.265625
2848 0.00519853505704 0.25 0.265625
2602 0.00512921844312 0.234375 0.265625
6661 0.00512921844312 0.21875 0.25
1887 0.00507772842807 0.140625 -0.046875
5499 0.00495633091057 0.109375 -0.25
8434 0.00495633091057 0.125 -0.234375
6754 0.00495081468227 0.359375 -0.140625
8914 0.00494690593351 -0.03125 0.078125
8470 0.00494013310689 0.28125 0.25
7291 0.00493916066683 0.5 -0.15625
13489 0.00493163483858 0.25 0.28125
10430 0.00493065349827 0.515625 0.25
10569 0.00491340627169 0.28125 0.265625
8160 0.00491340627169 0.21875 0.265625
12713 0.00491340627169 0.28125 0.234375
4621 0.00491340627169 0.21875 0.234375
6400 0.00491340627169 0.265625 0.28125
8452 0.00491340627169 0.234375 0.28125
5769 0.00491340627169 0.265625 0.21875
10354 0.00491340627169 0.234375 0.21875
12252 0.00491340627169 0.28125 0.28125
2609 0.00491340627169 0.21875 0.28125
8895 0.00491340627169 0.21875 0.21875
12524 0.00491340627169 0.296875 0.25
2766 0.00491340627169 0.203125 0.25
12538 0.00491340627169 0.25 0.296875
8926 0.00491340627169 0.25 0.203125
6677 0.00491340627169 0.296875 0.265625
12632 0.00491340627169 0.203125 0.265625
9079 0.00491340627169 0.296875 0.234375
8345 0.00491340627169 0.203125 0.234375
9304 0.00491340627169 0.265625 0.296875
7271 0.00491340627169 0.234375 0.296875
5639 0.00491340627169 0.265625 0.203125
4739 0.00491319538702 0.484375 0.25
14275 0.00491319538702 0.5 0.265625
12251 0.00491319538702 0.515625 0.265625
10583 0.00491319538702 0.484375 0.265625
3758 0.00470494073586 0.515625 0.09375
6325 0.00466636390632 0.359375 -0.078125
10586 0.00465660219218 0.1875 0.234375
13998 0.00462521101241 0.484375 -0.203125
7908 0.00459787490414 0.484375 -0.234375
5407 0.00458347050122 0.375 -0.15625
11256 0.00452349955618 0.484375 -0.25
9105 0.0044228285811 0.4296875 -0.0625
10399 0.00433772125988 0.4921875 -0.2421875
7459 0.00433004191326 0.4921875 -0.25
10882 0.00433004191326 0.5 -0.2421875
12131 0.00433004191326 0.5 -0.2578125
11299 0.00433004191326 0.5078125 -0.25
11100 0.00433004191326 0.4921875 -0.2578125
7349 0.00433004191326 0.5078125 -0.2421875
11412 0.00433004191326 0.5 -0.234375
7835 0.00433004191326 0.515625 -0.25
8189 0.00433004191326 0.484375 -0.2421875
10826 0.00433004191326 0.4921875 -0.234375
7968 0.00433004191326 0.5078125 -0.2578125
6061 0.00433004191326 0.5 -0.265625
7161 0.00433004191326 0.484375 -0.2578125
12064 0.00433004191326 0.4921875 -0.265625
77 0.00433004191326 0.5078125 -0.234375
4306 0.00433004191326 0.515625 -0.2421875
7292 0.00433004191326 0.484375 -0.265625
11221 0.00433004191326 0.515625 -0.234375
7426 0.00433004191326 0.4765625 -0.25
6592 0.00433004191326 0.5 -0.2265625
5779 0.00433004191326 0.5234375 -0.25
11226 0.00433004191326 0.4765625 -0.2421875
11538 0.00433004191326 0.4921875 -0.2265625
2018 0.00433004191326 0.5078125 -0.265625
10252 0.00433004191326 0.515625 -0.2578125
13972 0.00433004191326 0.5 -0.2734375
6130 0.00433004191326 0.4765625 -0.2578125
9095 0.00433004191326 0.5078125 -0.2265625
11174 0.00433004191326 0.4921875 -0.2734375
6887 0.00431245269731 0.2890625 -0.15625
7543 0.00426552112187 0.1015625 -0.125
9268 0.00421147484906 -0.046875 -0.140625
7539 0.00416279363209 0.1171875 -0.109375
8362 0.00395556283025 0.1171875 0.1171875
5401 0.00391551784989 0.2421875 -0.3046875
MCAST 0.00389949706457 0.234375 0.4296875
8992 0.00387711036465 0.25 -0.171875
10715 0.00383849721829 0.125 0.28125
11284 0.00383170160346 0.125 0.2890625
4148 0.0038173275825 0.4921875 0.1484375
6067 0.00375235209616 0.03125 0.2578125
5405 0.0037100504299 0.28125 -0.21875
3307 0.00363216049602 0.140625 -0.3125
8472 0.00360415017048 0.2578125 -0.2109375
7701 0.00359080336344 -0.03125 0.1015625
8743 0.00356873200488 0.0234375 0.25
6138 0.00349866602851 0.2109375 -0.046875
2119 0.00341923034268 0.2578125 -0.3125
1682 0.0033918363958 0.4375 0.1640625
9080 0.00328143076342 0.2578125 -0.25
5628 0.00327532627847 0.2421875 -0.25
8526 0.00327532627847 0.25 -0.2421875
8514 0.00327532627847 0.25 -0.2578125
3248 0.00327532627847 0.2578125 -0.2421875
6740 0.00327532627847 0.2421875 -0.2421875
9004 0.00327532627847 0.2578125 -0.2578125
2607 0.00327532627847 0.2421875 -0.2578125
1117 0.00327532627847 0.265625 -0.25
6714 0.00327532627847 0.234375 -0.25
8787 0.00327532627847 0.25 -0.234375
760 0.00327532627847 0.25 -0.265625
679 0.00327532627847 0.265625 -0.2421875
8397 0.00327532627847 0.234375 -0.2421875
7176 0.00327169339942 0.0078125 0.25
4961 0.00326811317429 0.7578125 0.0
5611 0.00326590130141 -0.0078125 0.25
8851 0.00326590130141 0.0 0.2578125
5604 0.00326590130141 0.0 0.2421875
8607 0.00326590130141 0.0078125 0.2578125
8406 0.00326590130141 -0.0078125 0.2578125
8897 0.00326590130141 0.0078125 0.2421875
2110 0.00326590130141 -0.0078125 0.2421875
9043 0.00326590130141 0.015625 0.25
5571 0.00326590130141 -0.015625 0.25
5656 0.0032029797642 0.71875 -0.234375
11766 0.00319129353668 0.7578125 0.25
11888 0.00319129353668 0.7421875 0.25
9013 0.00311605024634 0.0078125 -0.25
10490 0.00309522339886 0.2890625 -0.25
3784 0.00306535156301 0.2578125 0.5
12676 0.00305169157456 0.3828125 -0.1015625
9760 0.00304826138159 0.2421875 0.5
7620 0.00304826138159 0.25 0.5078125
9686 0.00304826138159 0.25 0.4921875
9438 0.00301902600995 0.0 -0.2421875
9295 0.00301902600995 -0.0078125 -0.25
4742 0.00301902600995 0.0 -0.2578125
9384 0.00301902600995 0.0078125 -0.2421875
7570 0.00301902600995 -0.0078125 -0.2421875
7574 0.00301902600995 0.0078125 -0.2578125
9285 0.00301902600995 -0.0078125 -0.2578125
9553 0.00301902600995 0.0 -0.234375
7600 0.00301902600995 0.015625 -0.25
4860 0.00301902600995 -0.015625 -0.25
7475 0.00301902600995 0.0 -0.265625
7476 0.00301902600995 0.0078125 -0.234375
4804 0.00301902600995 -0.0078125 -0.234375
9460 0.00301902600995 0.015625 -0.2421875
11282 0.00300664806347 0.7578125 -0.25
10710 0.00300664806347 0.7421875 -0.25
14082 0.00300664806347 0.75 -0.2421875
7949 0.00300664806347 0.75 -0.2578125
13726 0.00300664806347 0.7578125 -0.2421875
11303 0.00300664806347 0.7421875 -0.2421875
7431 0.00300664806347 0.7578125 -0.2578125
7439 0.00300664806347 0.7421875 -0.2578125
10267 0.00300664806347 0.765625 -0.25
7737 0.00300664806347 0.734375 -0.25
4270 0.00293556386948 0.2265625 -0.203125
4651 0.00290766373949 0.3828125 0.0
4631 0.0028973684275 0.3671875 0.0
5075 0.0028973684275 0.375 0.0078125
6675 0.00281246592001 0.25 -0.0390625
7472 0.00281082058441 0.3828125 0.1171875
2588 0.00280712163446 0.125 -0.078125
6730 0.002795720204 0.1875 -0.140625
3265 0.00275449347129 -0.1484375 -0.296875
8650 0.00273888732744 0.2109375 -0.1328125
4704 0.00272741643471 0.46875 0.125
7704 0.00271365654448 0.015625 -0.0546875
7647 0.00271365654448 0.015625 -0.0625
6200 0.00266045833532 -0.0234375 0.25
38 0.00266045833532 -0.03125 0.25
9461 0.00265884122221 -0.2734375 -0.0859375
8532 0.00260492147493 0.2578125 0.125
8520 0.00259016363927 0.25 -0.109375
8534 0.00256282704933 0.2109375 -0.109375
7374 0.00251699778099 0.0625 0.109375
6317 0.00248544033921 0.0703125 0.1328125
10386 0.00248126566833 0.1171875 0.0
12105 0.00248126566833 0.125 0.0078125
11345 0.00248126566833 0.125 -0.0078125
11470 0.00248126566833 0.1328125 0.0
7976 0.00248126566833 0.1171875 0.0078125
6653 0.00248126566833 0.1171875 -0.0078125
11061 0.00248126566833 0.1328125 0.0078125
6322 0.00248126566833 0.1328125 -0.0078125
7938 0.00248126566833 0.109375 0.0
3385 0.00248126566833 0.125 0.015625
5773 0.00248126566833 0.125 -0.015625
7095 0.00248126566833 0.140625 0.0
7098 0.00248126566833 0.109375 0.0078125
6950 0.00248126566833 0.109375 -0.0078125
11170 0.00248126566833 0.1171875 0.015625
12657 0.00243759136783 0.3046875 0.171875
6656 0.00242263657849 0.5859375 0.03125
173 0.00235957329183 0.5078125 0.125
4693 0.00235957329183 0.4921875 0.125
4678 0.00235957329183 0.5 0.1328125
4677 0.00235957329183 0.5 0.1171875
7298 0.00234399311268 0.015625 -0.109375
8767 0.00230302270608 0.2421875 -0.1171875
12470 0.00230302270608 0.2421875 -0.125
12419 0.00230302270608 0.25 -0.1171875
9072 0.00230302270608 0.25 -0.1328125
10823 0.00229084426782 0.5078125 -0.125
9143 0.00229084426782 0.4921875 -0.125
13493 0.00229084426782 0.5 -0.1171875
4313 0.00228472114623 0.375 0.2421875
9298 0.00227776457462 0.0390625 0.15625
13941 0.00224775035464 0.3828125 -0.25
13946 0.00224775035464 0.3671875 -0.25
13563 0.00224775035464 0.375 -0.2421875
7011 0.00224775035464 0.375 -0.2578125
6114 0.00224775035464 0.3828125 -0.2421875
6137 0.00224775035464 0.3671875 -0.2421875
8493 0.0022374333985 0.6015625 0.0
5710 0.00220749908765 0.1328125 0.37890625
8968 0.00219662032811 0.6875 -0.08203125
10670 0.00218379171277 0.12890625 0.125
10454 0.00218379171277 0.12109375 0.125
10938 0.00218379171277 0.125 0.12890625
10954 0.00218379171277 0.125 0.12109375
10733 0.00218379171277 0.12890625 0.12890625
10429 0.00218379171277 0.12109375 0.12890625
766 0.00216815306042 0.2890625 0.0703125
8196 0.00215832509903 0.12890625 -0.25
5503 0.00215802806795 0.12890625 0.25
5482 0.00215802806795 0.12109375 0.25
5605 0.00215302778186 0.37109375 -0.3515625
6700 0.00214598683245 0.6953125 0.03515625
13869 0.0021286784314 0.00390625 0.125
13432 0.0021286784314 -0.00390625 0.125
9198 0.00212151652671 0.12890625 -0.125
8468 0.00212151652671 0.12109375 -0.125
12370 0.00212151652671 0.125 -0.12109375
9142 0.00211980587501 0.62109375 0.0
8271 0.00211980587501 0.625 0.00390625
5587 0.00211980587501 0.625 -0.00390625
8354 0.00211980587501 0.62890625 0.0
8481 0.00211980587501 0.62109375 0.00390625
7294 0.00209347937287 0.62890625 0.44140625
8422 0.00206159937735 0.125 -0.24609375
9127 0.0020434367674 0.12890625 0.375
3132 0.0020434367674 0.12109375 0.375
6487 0.0020434367674 0.125 0.37890625
11275 0.00203660175944 0.62890625 0.125
6822 0.0020297555817 0.00390625 -0.125
3233 0.00202616214451 -0.00390625 -0.125
8466 0.00202616214451 0.0 -0.12109375
8876 0.00202616214451 0.0 -0.12890625
8685 0.00202616214451 0.00390625 -0.12109375
9102 0.00202616214451 -0.00390625 -0.12109375
8778 0.00202616214451 0.00390625 -0.12890625
8555 0.00202616214451 -0.00390625 -0.12890625
8885 0.00197725875848 0.1796875 0.0625
8203 0.00197725875848 0.18359375 0.0625
9030 0.00197079229513 0.12109375 -0.25
8309 0.00197079229513 0.125 -0.25390625
5419 0.00197079229513 0.12890625 -0.24609375
8975 0.00197079229513 0.12109375 -0.24609375
2820 0.00194817457055 0.37109375 -0.37109375
6795 0.00194472555476 0.375 -0.37109375
3220 0.00194472555476 0.37109375 -0.375
5518 0.00194472555476 0.37890625 -0.375
8527 0.00194103381654 0.25390625 0.375
8267 0.0019395939786 0.05859375 0.234375
6678 0.00192940068574 0.24609375 0.375
11123 0.00192388138915 0.62890625 -0.25
802 0.00188684974092 0.25390625 -0.375
239 0.00188684974092 0.24609375 -0.375
4136 0.00188684974092 0.50390625 0.375
10450 0.00188684974092 0.49609375 0.375
11050 0.00188350336153 0.50390625 -0.375
5394 0.0018834650363 0.74609375 -0.12109375
101 0.00188307819673 0.421875 0.2265625
11591 0.00188282013672 -0.12109375 0.0
7208 0.00188282013672 -0.12890625 0.0
3110 0.00188282013672 -0.125 0.00390625
6472 0.00188282013672 -0.125 -0.00390625
11209 0.00188282013672 -0.12109375 0.00390625
7436 0.00188282013672 -0.12890625 0.00390625
14042 0.00188282013672 -0.12109375 -0.00390625
10481 0.00184219546143 0.49609375 -0.46875
7868 0.00183546918312 0.74609375 0.125
13696 0.00183546918312 0.75 0.12890625
10848 0.00183546918312 0.75 0.12109375
12407 0.00183348488706 0.375 0.12109375
3256 0.0018058509713 0.109375 0.09375
8243 0.00179863215559 -0.1015625 -0.2421875
8980 0.00179104675156 0.75390625 -0.125
5397 0.00179104675156 0.75 -0.12109375
6882 0.00179104675156 0.75 -0.12890625
2593 0.00179104675156 0.74609375 -0.125
6840 0.00179104675156 0.75390625 -0.12109375
299 0.00178416756081 0.61328125 0.16796875
131 0.00178416756081 0.6171875 0.171875
12292 0.0017628807672 0.23046875 0.1875
3550 0.00175627939839 0.375 0.49609375
6719 0.00175068888933 -0.12109375 -0.25
8264 0.00174131397627 0.62890625 -0.375
8288 0.00173822571058 0.62109375 -0.375
6721 0.00173822571058 0.625 -0.37109375
6658 0.00173822571058 0.625 -0.37890625
4716 0.00173320510024 -0.10546875 0.22265625
7602 0.00172683674157 -0.2109375 -0.234375
5493 0.00168398592547 -0.12890625 -0.25
8542 0.0016810046321 -0.125 -0.24609375
8497 0.0016810046321 -0.125 -0.25390625
6785 0.0016810046321 -0.12109375 -0.24609375
5463 0.0016810046321 -0.12890625 -0.24609375
8195 0.0016810046321 -0.12109375 -0.25390625
8984 0.0016810046321 -0.12890625 -0.25390625
8299 0.0016810046321 -0.1171875 -0.25
8277 0.0016810046321 -0.1328125 -0.25
9034 0.0016810046321 -0.125 -0.2421875
8350 0.0016810046321 -0.125 -0.2578125
6848 0.0016810046321 -0.1171875 -0.24609375
6595 0.0016810046321 -0.1328125 -0.24609375
8758 0.0016810046321 -0.1171875 -0.25390625
8394 0.0016810046321 -0.1328125 -0.25390625
8925 0.00167056004098 0.6015625 0.0625
5641 0.00166218163073 -0.12109375 0.25
6260 0.00166218163073 -0.12890625 0.25
7502 0.00165722125318 0.00390625 -0.375
10986 0.0016487378185 0.50390625 -0.5
10757 0.0016487378185 0.49609375 -0.5
11063 0.0016487378185 0.5 -0.49609375
11311 0.0016487378185 0.5 -0.50390625
7005 0.0016487378185 0.50390625 -0.49609375
10277 0.0016487378185 0.49609375 -0.49609375
10318 0.0016487378185 0.50390625 -0.50390625
6057 0.0016487378185 0.49609375 -0.50390625
10605 0.0016487378185 0.5078125 -0.5
11180 0.00164790989069 0.12890625 0.5
9078 0.00164175479287 -0.37109375 -0.25
6821 0.00163347928874 0.62109375 0.07421875
10618 0.00163069705507 0.87890625 -0.125
2553 0.0016045037166 0.48828125 -0.26171875
271 0.00159021235367 -0.24609375 -0.125
9044 0.0015826281398 -0.359375 -0.25
3273 0.00158262708836 0.90234375 0.125
6366 0.0015786057509 0.375 0.62109375
4201 0.0015786057509 0.37890625 0.625
1798 0.0015786057509 0.37109375 0.625
7396 0.0015786057509 0.375 0.62890625
12409 0.00157804371596 -0.375 -0.24609375
8255 0.00157804371596 -0.375 -0.25390625
4557 0.00157258083045 0.40234375 0.19140625
225 0.00155321795252 0.40625 0.19140625
1706 0.00155321795252 0.40625 0.1953125
1312 0.00155321795252 0.40234375 0.1953125
9324 0.00154736659604 -0.24609375 -0.25
9284 0.00154736659604 -0.25390625 -0.25
9544 0.00154736659604 -0.25 -0.24609375
6362 0.00154226534048 0.75390625 0.5
9151 0.00154226534048 0.50390625 -0.625
11756 0.00153674893878 -0.37109375 -0.125
13 0.00152860230308 0.62890625 0.0625
668 0.00152600537305 0.625 0.06640625
4595 0.00151669071318 -0.37109375 0.25
5622 0.00150897073133 -0.37890625 -0.25
6772 0.00150897073133 -0.37109375 -0.24609375
8477 0.00150897073133 -0.37890625 -0.24609375
9119 0.00150897073133 -0.37109375 -0.25390625
12772 0.00150897073133 -0.37890625 -0.25390625
5436 0.00149138713702 0.06640625 0.0625
5631 0.00147286784255 0.06640625 0.0
7483 0.0014695770151 0.12890625 0.0625
4783 0.0014695770151 0.12109375 0.0625
9283 0.0014695770151 0.125 0.06640625
5856 0.00146169036943 0.62109375 0.0625
175 0.00146169036943 0.625 0.05859375
22 0.00146169036943 0.62890625 0.06640625
5976 0.00146169036943 0.62109375 0.06640625
592 0.00146169036943 0.62890625 0.05859375
1242 0.00146169036943 0.62109375 0.05859375
132 0.00146169036943 0.6328125 0.0625
18 0.00145771727656 0.45703125 0.29296875
10681 0.00144487402341 0.1875 0.06640625
10593 0.00144487402341 0.1875 0.05859375
3677 0.00141129309733 0.44921875 0.296875
12658 0.00139895130498 0.6484375 0.0390625
8483 0.0013866400317 -0.06640625 -0.234375
4509 0.00136702266234 0.06640625 0.125
13937 0.00136702266234 0.05859375 0.125
4387 0.00135339014976 -0.08984375 0.1484375
2637 0.00134149447875 0.421875 0.171875
8638 0.00130814422276 0.69140625 0.0625
9115 0.00130814422276 0.68359375 0.0625
4130 0.00128784621349 0.0625 0.19140625
9 0.00128784621349 0.06640625 0.1875
4807 0.00127802068102 -0.05859375 -0.0625
1741 0.00126567594732 0.55859375 0.0
3628 0.00124678053877 -0.0625 0.19140625
4017 0.00124678053877 -0.05859375 0.1875
4680 0.00123899906435 0.6953125 -0.00390625
4967 0.00122988583232 -0.12109375 0.1875
10983 0.00122988583232 -0.125 0.19140625
8742 0.00122711144799 -0.18359375 0.0625
4203 0.00119551091773 0.06640625 -0.25
7702 0.00119244883911 -0.18359375 0.125
7716 0.00116835836284 0.37890625 0.1875
7584 0.00116628994844 0.37109375 0.1875
7605 0.00116628994844 0.375 0.19140625
1670 0.00114592787165 -0.19140625 0.1875
3128 0.00114579608347 0.43359375 0.25
160 0.00114376762214 0.4375 0.25390625
11039 0.00114376762214 0.4375 0.24609375
3 0.00114376762214 0.44140625 0.25
2572 0.00114376762214 0.43359375 0.25390625
32 0.00114376762214 0.43359375 0.24609375
1742 0.00114376762214 0.44140625 0.25390625
3323 0.00113999099111 -0.30859375 0.0
5470 0.00113999099111 -0.31640625 0.0
8522 0.00113999099111 -0.3125 0.00390625
3268 0.00113999099111 -0.3125 -0.00390625
2546 0.00113999099111 -0.30859375 0.00390625
12402 0.00113999099111 -0.31640625 0.00390625
6058 0.00113763708347 -0.18359375 0.25
10742 0.00113600057295 0.75390625 0.0625
9496 0.00111147462617 -0.3125 0.123046875
8903 0.00110673005068 0.767578125 0.083984375
11945 0.00110214396582 -0.310546875 0.1875
3686 0.00109235631281 -0.373046875 -0.0625
12423 0.00108130887463 -0.060546875 0.375
11693 0.00107829225927 -0.3125 0.248046875
12173 0.00107829225927 -0.310546875 0.25
2547 0.00107266834702 -0.248046875 -0.3125
6711 0.00107266834702 -0.251953125 -0.3125
2012 0.00107266834702 -0.25 -0.310546875
8215 0.00106861232591 -0.1875 -0.376953125
3661 0.00106844437637 -0.435546875 0.1875
4641 0.00106844437637 -0.4375 0.189453125
6320 0.0010675085373 0.34375 0.150390625
10683 0.00105749269668 0.001953125 -0.4375
288 0.00105465466862 0.376953125 0.1875
9086 0.00104991105261 0.43359375 0.283203125
714 0.00103710690596 -0.435546875 0.125
4614 0.00102349392609 -0.4375 0.185546875
4142 0.00102349392609 -0.439453125 0.1875
4711 0.00102349392609 -0.435546875 0.189453125
11389 0.00101479958681 -0.185546875 0.4375
10381 0.00101479958681 -0.189453125 0.4375
5104 0.00101479958681 0.189453125 0.4375
5105 0.00101479958681 0.185546875 0.4375
10396 0.00101299980244 0.376953125 -0.3125
5716 0.00101299980244 -0.373046875 -0.3125
6471 0.00101299980244 -0.1875 -0.435546875
13683 0.00101299980244 -0.373046875 0.3125
6602 0.00101299980244 0.376953125 0.3125
10949 0.00101299980244 0.314453125 0.375
5655 0.000957945606759 0.689453125 0.1875
5726 0.000957945606759 0.6875 0.189453125
10596 0.000957945606759 0.6875 0.185546875
1778 0.000932476184545 0.623046875 0.310546875
3146 0.000932476184545 0.623046875 0.3125
8989 0.000929488948763 0.814453125 0.0625
12546 0.000929488948763 0.810546875 0.0625
6834 0.000929488948763 0.8125 0.064453125
8323 0.000901939735134 0.205078125 0.072265625
7634 0.000897103222835 0.814453125 0.0
5549 0.00089564377303 0.306640625 0.228515625
9126 0.000869583548017 0.564453125 0.4375
12360 0.000866628912828 0.5625 0.439453125
7855 0.000842023422075 0.689453125 0.25
6713 0.000842023422075 0.685546875 0.25
12435 0.000842023422075 0.6875 0.251953125
2471 0.000842023422075 0.6875 0.248046875
8709 0.000830040494079 0.560546875 0.4375
8372 0.000830040494079 0.5625 0.435546875
3324 0.000784286841273 0.935546875 0.0625
6869 0.000774102123345 0.939453125 0.125
8601 0.00076001722631 0.814453125 0.25
12400 0.000750147310487 0.783203125 0.0625
11342 0.000738984952149 0.814453125 0.09375
6407 0.000738984952149 0.810546875 0.09375
11478 0.000738984952149 0.8125 0.095703125
8226 0.000736363752473 0.783203125 0.03125
9164 0.000724240704354 0.78125 -0.05859375
4675 0.000700505886639 0.376953125 0.279296875
3267 0.000661123267349 0.2734375 0.0859375
270 0.000657984418691 0.470703125 0.21875
1843 0.000657984418691 0.466796875 0.21875
12375 0.000656779345107 0.84765625 -0.0859375
1942 0.000642424864277 0.876953125 0.03125
1940 0.000642424864277 0.873046875 0.03125
1708 0.000642424864277 0.875 0.033203125
2237 0.000642424864277 0.875 0.029296875
2418 0.000642424864277 0.876953125 0.033203125
1720 0.000642424864277 0.873046875 0.033203125
1936 0.000642424864277 0.876953125 0.029296875
1939 0.000642424864277 0.873046875 0.029296875
1304 0.000642424864277 0.87890625 0.03125
1307 0.000642424864277 0.87109375 0.03125
1300 0.000642424864277 0.875 0.03515625
1309 0.000642424864277 0.875 0.02734375
2060 0.000642424864277 0.87890625 0.033203125
2477 0.000642424864277 0.87109375 0.033203125
5621 0.000633433622134 0.876953125 -0.03125
8864 0.000633433622134 0.873046875 -0.03125
12506 0.000633433622134 0.875 -0.029296875
11500 0.000610674182949 0.908203125 0.09375
13345 0.000610674182949 0.904296875 0.09375
8636 0.000610223147416 1.001953125 0.03125
8482 0.000610223147416 0.998046875 0.03125
8240 0.000607776994597 0.248046875 0.091796875
790 0.000603525606193 0.875 -0.095703125
2506 0.000593605511375 0.267578125 0.166015625
2501 0.000593605511375 0.26953125 0.166015625
2498 0.000593605511375 0.26953125 0.16796875
5427 0.000589099157758 0.28125 0.220703125
8688 0.000584402641687 0.998046875 -0.029296875
9056 0.000567003908912 1.033203125 0.0
8036 0.000550238173689 1.0009765625 -0.0625
4276 0.000535909887293 0.5322265625 -0.03125
8436 0.000530205868865 1.0625 -0.0615234375
8696 0.000530205868865 1.0634765625 -0.0625
3596 0.00052926553804 1.0947265625 0.0
8921 0.000444278585191 0.3916015625 0.0791015625
12519 0.000433626657374 0.3447265625 0.375
1901 0.000428915318799 0.5322265625 0.0
6873 0.000428915318799 0.5302734375 0.0
12560 0.000428155981003 0.53125 0.0009765625
12614 0.000428155981003 0.53125 -0.0009765625
5523 0.000427341491046 0.2724609375 0.25
1237 0.000406157037383 0.4228515625 0.318359375
4682 0.0004002170822 0.2822265625 0.125
3794 0.00039402753006 0.5087890625 0.4072265625
4732 0.00038468363392 0.28125 0.1259765625
4725 0.00038468363392 0.28125 0.1240234375
2526 0.000367843142882 0.2802734375 0.125
4796 0.000367843142882 0.2822265625 0.1259765625
4686 0.000367843142882 0.2802734375 0.1259765625
4672 0.000367843142882 0.2822265625 0.1240234375
4702 0.000367843142882 0.2802734375 0.1240234375
8017 0.000367111298618 0.3916015625 0.375
6995 0.000367111298618 0.3896484375 0.375
7177 0.000367111298618 0.390625 0.3759765625
8114 0.000367111298618 0.390625 0.3740234375
8115 0.000367111298618 0.3916015625 0.3759765625
11149 0.000367111298618 0.3896484375 0.3759765625
9133 0.000361169748405 0.2900390625 0.1708984375
1227 0.000356761907809 0.5166015625 0.21875
2641 0.000356761907809 0.5146484375 0.21875
7478 0.000356016147251 0.5166015625 0.0
9416 0.000350595202357 0.1572265625 0.046875
7656 0.000350595202357 0.15625 0.0478515625
9310 0.000350595202357 0.15625 0.0458984375
7992 0.000334418360831 0.4384765625 0.046875
3766 0.000334418360831 0.4365234375 0.046875
7529 0.000332662743757 0.4853515625 0.453125
9374 0.000332662743757 0.4833984375 0.453125
1970 0.000330528516537 0.529296875 0.4501953125
6685 0.000322443209403 0.3603515625 0.140625
6686 0.000322443209403 0.359375 0.1416015625
5484 0.000322443209403 0.359375 0.1396484375
6870 0.000322443209403 0.3583984375 0.140625
6669 0.000322443209403 0.3603515625 0.1416015625
10812 0.000313949654423 0.5322265625 0.453125
7290 0.000313949654423 0.5302734375 0.453125
1126 0.000305448778981 0.2041015625 0.15625
8622 0.000302830703477 0.3603515625 0.25
6751 0.000302830703477 0.3583984375 0.25
6859 0.000302830703477 0.359375 0.2509765625
8741 0.000302830703477 0.359375 0.2490234375
5559 0.000302830703477 0.3603515625 0.2509765625
8957 0.000302830703477 0.3583984375 0.2509765625
9154 0.000301711841831 0.1572265625 0.109375
5479 0.000301177704883 0.1552734375 0.109375
9213 0.000301177704883 0.15625 0.1103515625
9202 0.000301177704883 0.15625 0.1083984375
9316 0.000286916915045 0.5 0.2353515625
2875 0.000285128785347 0.3916015625 0.203125
8623 0.000285128785347 0.3896484375 0.203125
5471 0.000285128785347 0.390625 0.2041015625
3335 0.000285128785347 0.390625 0.2021484375
5480 0.000285128785347 0.3916015625 0.2041015625
8510 0.000285128785347 0.3896484375 0.2041015625
3389 0.000285128785347 0.3916015625 0.2021484375
9206 0.000283976508758 0.3271484375 0.0
1781 0.000277677757463 0.5 0.23486328125
4792 0.000277186171107 0.50048828125 0.234375
3305 0.000276462115269 0.21240234375 0.11962890625
11659 0.000265968710004 0.48388671875 0.49951171875
2496 0.000265968710004 0.484375 0.49951171875
2843 0.000234333919869 0.25048828125 0.21875
2836 0.000234333919869 0.24951171875 0.21875
2833 0.000234333919869 0.25 0.21923828125
2831 0.000234333919869 0.25 0.21826171875
9088 0.000234333919869 0.25048828125 0.21923828125
9321 0.000231265190547 0.27783203125 0.263671875
4730 0.000225762368493 0.25048828125 0.234375
8298 0.000225482816302 0.29736328125 0.15625
8917 0.000225482816302 0.29638671875 0.15625
12303 0.00022451032766 0.51611328125 0.1875
9708 0.000219192408133 0.26611328125 0.265625
7997 0.000216612824326 0.25048828125 0.28125
8065 0.000216612824326 0.25 0.28173828125
12437 0.000208302227095 0.35888671875 -0.140625
6694 0.000207856103251 0.28173828125 0.25
11827 0.00020745850225 0.51611328125 0.25
4193 0.00020745850225 0.51513671875 0.25
9434 0.000197955886379 0.51611328125 0.09375
11828 0.000196331700722 0.35986328125 -0.078125
13682 0.000195918038332 0.1875 0.23388671875
2933 0.000182511115294 0.49267578125 -0.2421875
9396 0.000179470145539 0.10205078125 -0.125
3339 0.000166707816649 0.49267578125 0.1484375
10269 0.000164062320244 0.23486328125 0.4296875
8990 0.00016312703511 0.24951171875 -0.171875
8321 0.00016312703511 0.25 -0.17138671875
11242 0.000161494683775 0.12548828125 0.28125
7506 0.00015788061928 0.03173828125 0.2578125
6823 0.000156097209643 0.28173828125 -0.21875
6709 0.000152815156513 0.14111328125 -0.3125
8673 0.00015164228221 0.25830078125 -0.2109375
2686 0.00014507808781 0.26904296875 -0.23046875
5535 0.000137656286324 0.008056640625 0.25
7654 0.000122336175677 0.382568359375 0.0
7470 0.000122336175677 0.3828125 0.000244140625
8935 0.000115887841675 -0.148193359375 -0.296875
5396 9.24182847392e-05 0.687744140625 -0.08203125
9053 9.08070822197e-05 0.129150390625 -0.25
12371 9.08070822197e-05 0.128662109375 -0.25
8879 9.08070822197e-05 0.12890625 -0.249755859375
8378 8.53981258729e-05 0.004150390625 -0.125
8515 8.19645773661e-05 0.370849609375 -0.370849609375
12350 7.36574084765e-05 -0.121337890625 -0.25
6864 7.33906156978e-05 0.629150390625 -0.375
4683 7.29215028205e-05 -0.105224609375 0.222412109375
7503 7.29215028205e-05 -0.10546875 0.222412109375
4709 7.29215028205e-05 -0.105224609375 0.22265625
5382 7.08505791467e-05 -0.128662109375 -0.25
5379 6.87287196576e-05 0.621215820312 0.07421875
3447 6.75037088027e-05 0.488403320312 -0.26171875
8 6.61706119868e-05 0.402465820312 0.19140625
213 6.43150036106e-05 0.629028320312 0.0625
7489 4.91598952579e-05 0.379028320312 0.1875
3152 4.8212011967e-05 0.433715820312 0.25
8892 3.76854490002e-05 0.306518554688 0.228393554688
8254 3.76854490002e-05 0.306518554688 0.228515625
12438 3.76854490002e-05 0.306640625 0.228393554688
5517 3.65884187495e-05 0.564453125 0.437622070312
8687 3.65884187495e-05 0.564575195312 0.4375
3351 2.78180236747e-05 0.273498535156 0.0859375
3327 2.56187774542e-05 0.248107910156 0.091796875
12571 2.47870644607e-05 0.28125 0.220642089844
1776 1.80465434442e-05 0.532287597656 0.0
5423 1.80465434442e-05 0.530334472656 0.0
9184 1.26950628809e-05 0.157196044922 0.109344482422
7622 1.16840451839e-05 0.5 0.234893798828
8304 1.16331308004e-05 0.212432861328 0.11962890625
6803 3.08826569008e-06 0.62914276123 -0.374992370605
5546 1.07788821007e-06 0.248109817505 0.091796875
3327 5546
6803 6864
3305 8304
1781 7622
9184 9154
1776 1901
6873 5423
12571 5427
3327 8240
3351 3267
2686 3339
5517 9126
9126 8687
8892 5549
8254 5549
12438 5549
7997 8065
3128 3152
7489 7716
9321 9316
13 213
4557 8
2553 3447
5379 6821
5382 5493
4716 4683
4716 4709
4716 7503
8264 6864
6719 12350
1970 3794
4732 4682
4725 4682
8515 2820
8378 6822
8196 12371
8196 8879
8196 9053
5396 8968
3265 8935
4651 7470
4651 7654
5535 7176
2686 9080
3256 3305
9133 8483
8527 3305
8472 8673
3307 6709
5405 6823
6067 7506
3794 4557
10715 11242
8992 8321
8992 8990
3339 4148
MCAST 10269
9126 12360
7543 9396
3305 6675
10399 2933
12375 1741
3267 1741
13682 10586
11828 6325
3758 9434
11827 10430
4193 10430
6694 8470
6754 12437
7997 13489
8065 13489
3661 4641
2563 9708
8228 12303
9321 2563
8298 5409
8917 5409
4730 2907
3784 1237
2843 1653
1653 9088
1653 2836
1653 2833
1653 2831
8196 9164
11659 2495
2495 2496
8267 8323
4792 3608
1781 3608
3608 9316
9206 4269
2875 5568
8623 5568
5471 5568
3335 5568
5480 5568
8510 5568
5568 3389
8470 5523
2553 2637
5479 5377
5377 9202
5377 9213
9154 5377
8622 9057
6751 9057
9057 8957
9057 6859
9057 8741
9057 5559
1126 1103
2683 5523
766 288
6761 8921
13 668
6922 7290
6922 10812
8921 8228
1970 6922
6685 5400
6686 5400
5484 5400
6870 5400
6669 5400
12409 9078
8255 9078
9057 9133
7529 2521
2521 9374
7992 6463
6463 3766
1237 3608
6719 9044
9416 9505
9505 7656
9505 9310
3794 6922
4778 7478
8196 12658
1227 195
195 2641
2506 2907
2501 2907
2907 2498
8017 3951
6995 3951
7177 3951
3951 11149
3951 8114
3951 8115
2500 2526
2500 4672
2500 4686
2500 4796
2500 4702
4732 2500
4725 2500
2500 4682
4387 4270
5394 8968
10490 2637
1120 12560
1120 12614
1120 6873
1120 1901
8196 8422
3344 12519
8323 1887
6730 8243
2506 2500
2501 2500
2500 2498
2521 4675
2500 4675
8493 6730
9057 5549
3596 3632
5389 8696
5389 8436
3847 4276
8036 5078
7543 7602
9056 3218
1103 288
8866 8688
8938 5427
12676 8650
7908 10481
8903 5400
5710 MCAST
790 719
2603 8240
8636 2578
2578 8482
11500 3404
13345 3404
3676 3677
6754 12407
719 12375
2603 3267
5621 1270
8864 1270
1270 12506
2200 1304
2200 2477
2200 1307
2200 1300
2200 1942
2200 1940
2200 1309
2200 2237
2200 1708
2200 2060
2200 1720
2200 2418
2200 1939
2200 1936
8267 1887
9057 8483
297 1843
297 270
5605 6754
3344 9086
2500 4680
6922 18
9164 1270
3344 6320
8938 5549
5400 6821
8226 12297
11342 6401
6401 11478
6401 6407
3256 9057
2603 8323
3758 7472
12400 8584
2521 4716
8601 6849
2895 6869
3352 3324
101 7774
6325 5656
225 11537
1706 11537
11537 1312
2500 4716
4557 11537
6700 5377
5669 9086
6320 8001
8709 8220
8220 8372
297 288
5400 8968
7855 5511
5511 2471
5511 12435
5511 6713
8220 12360
9126 8220
6656 9057
8520 5430
10906 7298
719 1741
2603 1741
101 11537
4657 7634
2588 5377
6356 2553
8989 3292
3292 6834
3292 12546
3352 8903
1778 568
3146 568
11256 7908
6317 195
6730 5400
226 5726
226 10596
226 5655
6939 7374
2500 4704
6371 6471
10396 11992
5716 4923
13683 11734
7921 6602
6597 10949
11389 2901
10381 2901
5106 5104
5106 5105
4614 703
4142 703
703 4711
1270 8925
10911 714
8938 12407
6747 2588
7526 4680
9057 8743
3661 703
703 4641
2602 6661
1270 12292
10683 4436
1136 8215
299 11422
11422 131
1955 2012
1955 6711
1955 2547
8400 6700
5078 7294
8472 5400
6983 11693
6983 12173
8501 12423
2603 8267
3686 6405
11945 11354
6754 9073
9496 4786
3352 3273
6813 3273
10490 11537
7194 10742
852 6058
3323 5408
5470 5408
8522 5408
3268 5408
2546 5408
12402 5408
160 145
11039 145
145 3
145 1742
145 32
145 2572
145 3128
1849 1670
7584 7586
7586 7605
7586 7716
3354 13998
8534 8400
7617 7702
4203 4911
2563 3608
3354 7291
1136 8483
2848 5568
8885 8584
8203 8584
2683 5568
8742 8551
7303 10983
7303 4967
4628 3758
145 2637
6922 7291
6850 8810
1785 3628
1785 4017
6906 12578
1120 5405
145 3677
9057 8228
2553 6912
4740 4807
5050 4130
5050 9
4387 7303
145 18
9073 5430
3320 8638
3320 9115
8228 5400
6813 766
8925 6705
8404 6730
4716 703
225 145
1706 145
145 1312
145 4557
6067 6847
3320 12658
4509 6327
13937 6327
12407 6705
12676 1270
2500 2907
1275 12292
299 145
145 131
10681 1668
1668 10593
8501 8267
5856 7170
175 7170
7170 1242
7170 22
7170 132
7170 592
7170 5976
3320 6821
101 145
12562 5522
7483 3462
3462 9283
3462 4783
1290 5631
6746 5377
3354 6922
2917 5436
7170 668
13 7170
5622 3303
6772 3303
3303 9119
3303 12772
3303 8477
8992 8938
1225 4595
6675 8220
11756 4323
6362 6553
9151 1241
3303 8255
3303 12409
6877 5415
3303 9044
9324 2764
9284 2764
9544 2764
8885 8551
8203 8551
3951 10448
3303 9078
6366 3701
4201 3701
1798 3701
3701 7396
271 1691
9298 4786
3292 8650
9298 7586
10618 6259
2764 7602
3256 2917
1916 11180
10986 4926
10757 4926
11063 4926
11311 4926
7005 4926
10277 4926
10318 4926
6057 4926
4926 10605
2510 7502
1275 12657
4969 6260
4969 5641
6747 12578
3320 6700
8542 702
8497 702
6785 702
5463 702
8195 702
8984 702
8299 702
8277 702
9034 702
8350 702
6848 702
6595 702
702 8758
702 8394
702 5493
4148 8584
8933 766
2500 2521
6719 702
1136 3265
4786 9461
9505 4778
3720 6936
8288 8210
6721 8210
6658 8210
8243 702
8264 8210
10481 4926
6200 145
145 38
6754 5669
2603 1887
6648 3550
6754 1270
3479 10490
7586 7704
7586 7647
3320 12657
8980 3269
5397 3269
3269 2593
3269 6882
3269 6840
2521 2554
4544 7294
2500 4688
7868 3384
13696 3384
3384 10848
5394 3269
2603 1653
1270 5409
4755 3758
6427 5409
2041 7208
2041 14042
2041 7436
2041 3110
2041 11209
2041 11591
2041 6472
600 11050
2500 2554
10916 6138
549 802
549 239
4513 10450
4513 4136
9013 1890
7303 4270
11123 715
6729 6678
8527 6729
6795 3301
3220 3301
5518 3301
3301 2820
5568 3218
9030 8918
8309 8918
8918 5419
8918 8975
3269 8968
6200 1225
1225 38
1761 6922
8938 3330
8422 8918
3233 11042
8466 11042
8876 11042
11042 9102
11042 8685
11042 8778
11042 8555
11042 6822
2764 9461
6993 11275
10530 9127
10530 3132
10530 6487
5605 3301
2764 7704
2764 7647
3352 5409
4657 3758
8196 8918
6849 6846
6887 6705
9142 5378
8271 5378
5587 5378
5378 8354
5378 8481
9198 5551
8468 5551
12370 5551
5710 10530
13869 4565
4565 13432
8650 702
3265 702
5503 5519
5519 5482
4148 9116
9418 4743
6730 702
8493 5378
11042 7298
7539 145
4230 10670
4230 10733
4230 10938
4230 10429
4230 10454
4230 10954
2554 4058
4926 4270
1682 1668
7543 7586
3464 10490
7617 9268
13941 5650
13946 5650
13563 5650
5650 6114
5650 6137
5650 7011
6656 5378
8534 11042
4313 2828
2895 5568
6172 10823
6172 13493
6172 9143
195 2568
6317 4565
8767 3257
12470 3257
3257 12419
3257 9072
3681 11537
5078 11537
4565 7374
195 11422
8501 1887
1120 5385
6675 8918
2521 8651
2764 7701
173 4694
4694 4693
4694 4678
4694 4677
2855 5400
2119 702
11423 11537
6849 5400
2119 8210
2588 5551
8520 3257
3320 5407
3307 702
9013 8918
10386 5696
12105 5696
11345 5696
11470 5696
7976 5696
6653 5696
11061 5696
6322 5696
5696 7938
5696 11170
5696 3385
5696 7098
5696 7095
5696 6950
5696 5773
11422 11537
11284 1916
10715 1916
11078 111
4694 4704
3344 8001
2056 1682
8933 1887
8532 1833
2554 8651
6648 MCAST
4148 3384
3257 12676
3307 3301
1225 6325
6705 5430
10530 7701
7472 7473
5385 8938
3301 5401
6729 8362
8918 5401
8228 2917
10530 MCAST
11042 8362
6788 2578
2578 3218
145 1103
1103 1890
8914 702
5499 702
8434 702
11284 4230
10715 4230
4631 5727
5075 5727
4651 5727
683 145
145 210
5696 6138
3751 195
3320 4269
11649 3951
3951 10738
11282 6347
10710 6347
14082 6347
6347 11303
6347 7431
6347 7737
6347 7439
6347 10267
6347 13726
6347 7949
9438 7474
9295 7474
4742 7474
9384 7474
7570 7474
7574 7474
9285 7474
9553 7474
7600 7474
4860 7474
7474 4804
7474 9460
7474 7475
7474 7476
52 11422
9760 4766
4766 7620
4766 9686
3784 4766
9105 5378
6939 7091
10530 10586
7958 11775
6347 5656
145 195
6259 12097
3301 1887
81 11537
6761 6729
1759 5574
3301 8377
11766 3356
3356 11888
3257 9105
4358 6081
17 11537
3329 5408
13734 1225
6813 3243
5459 9043
5459 8607
5459 5604
5459 8406
5459 2110
5459 8897
5459 5611
5459 5571
5459 8851
4961 3976
5459 7176
1755 760
1755 6740
1755 8787
1755 8526
1755 6714
1755 5628
1755 8514
1755 2607
1755 1117
1755 8397
1755 679
1755 9004
1755 3248
1755 9080
1759 702
8896 702
145 11537
2895 2578
7170 8174
5551 8773
7774 7170
3320 9070
6259 10942
5459 8743
2041 8149
1755 8472
2500 2915
1225 1325
7441 7252
5377 702
702 12578
1833 10586
1755 5405
5459 6067
3758 7473
3582 3701
4222 3701
5050 11537
7539 7474
1755 8992
7474 9268
2200 5511
7543 7474
3674 3847
3320 1120
2603 3292
4433 7637
2500 4459
3301 6850
3301 12562
3301 5522
6347 6325
10911 13359
1755 6887
2554 1290
10910 3700
2510 2500
6746 11042
6813 3352
11846 3384
1755 5407
11042 10906
6747 702
5511 9471
145 1249
10910 8001
145 11423
5459 8914
1755 6754
1755 8434
1755 5499
5378 5400
52 145
145 2603
2939 8175
5696 6598
3356 8228
1755 8377
1755 6761
4293 1785
145 11422
5459 5409
1755 8773
11042 9070
6905 5727
297 145
3320 8866
11370 5696
7459 2548
10882 2548
12131 2548
11299 2548
11100 2548
7349 2548
11412 2548
7835 2548
8189 2548
10826 2548
7968 2548
6061 2548
7161 2548
12064 2548
2548 6592
2548 13972
2548 4306
2548 9095
2548 11226
2548 10252
2548 11221
2548 11174
2548 5779
2548 2018
2548 7292
2548 77
2548 11538
2548 7426
2548 6130
10399 2548
2603 8933
6847 702
4766 4790
12362 6729
6747 5551
5385 3303
11042 7738
11256 2548
2548 7908
13998 2548
4766 3608
4628 7473
1755 6905
11042 5595
2500 4694
4790 3976
6259 3847
4230 7738
2764 7637
4694 4688
1759 1755
2548 7291
3608 3976
2055 7893
3320 5588
2200 2917
5511 145
3356 9057
237 11537
11315 4926
5459 9057
6347 6463
8043 3728
719 702
4739 1740
14275 1740
12251 1740
10583 1740
10569 6453
8160 6453
12713 6453
4621 6453
6400 6453
8452 6453
5769 6453
10354 6453
12252 6453
2609 6453
8895 6453
12524 6453
2766 6453
12538 6453
8926 6453
6677 6453
6453 9079
6453 12632
6453 8345
6453 7271
6453 9304
6453 5639
10430 1740
6453 13489
3739 568
8470 6453
8651 1290
2711 2939
6079 3847
5459 5400
9505 7474
2602 6453
6661 6453
1270 702
2848 6453
2563 6453
6453 8810
6906 6453
2683 6453
2548 7958
12097 2548
6877 6453
6453 2907
11377 10476
13765 3850
8934 8697
4436 10541
5459 8272
8149 2548
2041 6086
6453 1653
3739 5324
3356 7151
3914 3404
6299 11354
11354 10851
6453 6846
6347 6108
6844 5408
145 46
1136 1890
145 111
145 17
11078 1740
3512 3549
10390 3549
11333 3549
10759 3549
5651 3549
12077 3549
5738 3549
10242 3549
11458 3549
5033 3549
3549 4492
3549 10557
2548 6598
11042 8428
3257 5385
5511 2917
4740 4433
7617 9651
6427 8918
5519 2603
8404 5378
5519 8680
5384 8961
3549 9073
8896 6453
6427 5378
6453 5568
2044 6347
1930 8933
8933 8756
5459 3344
1955 8933
8501 8933
6453 6850
5050 145
3320 1275
5377 6453
6453 12562
6453 5522
6453 12578
8933 1275
6746 1740
1103 6453
8933 5408
2764 4433
11370 1740
3549 4269
852 6327
3549 5430
5459 6847
702 568
10345 5696
13734 3549
6113 6335
4628 6453
3549 10942
4058 3976
6983 4355
4358 5696
6081 5696
6463 6453
2764 9265
11387 2914
11611 2914
6577 2914
7853 2914
1967 2914
8159 2914
11964 2914
6344 2914
11916 2914
3807 2914
11834 2914
10686 2914
7773 2914
12078 2914
7806 2914
11646 2914
2914 11195
2914 7118
2914 11186
2914 11837
2914 13557
2914 11956
2914 11509
2914 11424
2914 10494
2914 5798
2914 11404
2914 6331
145 7170
2914 2495
3676 2914
1849 1290
8272 6453
11047 2379
11466 4277
9505 6453
10906 3549
7637 7474
195 1740
6259 2015
2914 10448
2711 8175
7772 4969
4969 2033
852 1691
1784 7023
2914 3330
226 715
6395 6335
3354 2914
6747 6453
5459 8938
1890 702
1755 8938
1849 702
4926 705
11168 6347
10977 6347
11976 6347
6347 5742
7151 3549
683 2914
210 2914
6922 2914
3356 2568
1755 2603
9273 4766
3549 9070
3796 8043
2041 6405
2914 8174
2914 1325
7774 2914
3582 2914
2914 4222
4565 4433
3356 6427
2521 2914
2914 11846
1755 2561
1755 2108
6453 5415
226 2828
2764 4854
13333 6347
3549 7738
11042 9064
11042 6845
10530 10296
4433 2828
8651 3976
2914 3951
10708 1740
73 1740
4657 7473
1755 5588
4565 4786
2914 4688
3803 6079
3549 5415
8011 1225
2914 6108
4565 7586
6521 5650
8047 7915
6347 11215
4230 705
2554 2914
6388 3464
4657 5727
5003 11775
3356 8220
5727 4788
237 10789
6453 8002
3996 8062
3996 6380
4657 7474
5459 8220
3344 2914
6395 8043
237 145
5459 5511
10993 6461
5670 6461
6248 6461
4167 6461
7961 6461
6461 3925
6461 4645
6461 4800
6461 5687
6461 7735
6461 9156
6461 7380
6461 8121
6461 5583
6461 10245
6461 5425
6461 3734
6461 9448
6461 6555
6461 7468
7832 5696
5696 7037
2056 1668
6461 6936
6461 3720
4778 6461
4740 2828
702 8210
4743 6461
4433 7474
10708 2914
2914 73
2603 6453
6076 6259
2914 6847
5459 3292
7586 7473
2568 1740
2041 6259
5551 1290
2041 4969
6172 6327
6939 6461
3329 6461
3301 702
5727 6619
12362 6461
4527 6347
6347 13693
6347 3737
6347 10510
6347 6620
6347 4943
6347 4372
6347 5697
6347 10800
7498 7474
7474 7469
3549 8001
6461 5595
8651 1740
1120 6461
7795 4565
7023 5696
7586 7474
1916 4230
7617 7474
10311 1740
10314 1740
4795 6453
6453 8346
6453 12297
2548 11215
6401 6453
6347 3796
4755 6453
5650 2899
2855 1740
6453 8584
8938 2914
6453 6849
6459 3976
6790 1755
1755 5539
1755 5554
2044 6461
6453 9471
2895 6453
4319 6453
3462 7473
3352 6453
4740 7474
5669 2914
5051 4766
237 6259
2510 4694
2914 2568
3356 3803
6813 6453
5727 2915
1833 3303
6461 4058
2548 11722
8220 6453
6221 3549
11499 3549
297 2914
5051 3976
4565 8918
4319 3549
6347 11142
6461 3847
5385 6461
2914 8651
6461 8002
5459 6745
1833 8210
6347 1225
568 1740
13333 2914
6461 7637
2764 7474
2041 5696
226 1740
3356 5705
5459 1290
3976 1290
5459 2917
3356 7915
5669 6461
3292 3549
1833 3301
3549 11722
6461 8001
2860 2548
6095 2548
6223 2548
3799 2548
10829 2548
7770 2548
8079 2548
2548 7132
2548 4958
2548 6128
2548 10424
2548 4911
226 3549
3356 4969
6427 6461
297 6461
1755 702
145 1740
7586 1740
4788 2914
2914 568
13333 6461
237 5696
10506 1740
11030 1740
4376 1740
4374 1740
7178 1740
14486 1740
10849 1740
6453 9116
6453 8551
7303 6453
1785 1740
8100 2548
3356 6729
5384 6453
6461 4319
5459 6729
5050 1740
1755 3301
5459 8918
1755 8918
4355 2548
13607 3561
10632 3561
8169 3561
8760 3561
3833 3561
10661 3561
10405 3561
1968 3561
4750 3561
10984 3561
7057 3561
7844 3561
167 3561
11966 3561
3790 3561
7312 3561
11904 3561
1226 3561
4181 3561
12044 3561
2707 3561
10758 3561
11931 3561
4373 3561
10813 3561
11679 3561
12259 3561
7015 3561
5736 3561
11267 3561
11049 3561
3846 3561
4043 3561
13329 3561
4057 3561
13638 3561
7920 3561
14155 3561
10464 3561
3239 3561
14348 3561
8134 3561
8133 3561
11219 3561
13343 3561
6337 3561
10295 3561
8624 3561
2918 3561
11713 3561
11712 3561
14107 3561
7254 3561
3561 13390
3561 6312
3561 3392
3561 12270
3561 11524
3561 12548
3561 10947
6181 2548
3632 3561
2548 4323
5389 3561
2915 1740
6356 3561
5459 10530
6453 6327
6461 8220
6091 3549
6665 3549
10265 3549
3549 3578
3549 33
8400 3561
1761 3561
9418 3561
3681 3561
5078 3561
5459 5378
5459 5551
6788 3561
6992 6461
5459 5519
1784 3549
7526 6461
3243 3561
6259 2548
1755 5519
7441 3561
3561 3218
7782 2914
2914 1746
7194 2914
13359 3561
4766 4694
3700 3561
145 2914
6461 7252
1249 3561
4293 3561
3356 6172
8866 3561
7586 2914
6402 3549
11423 3561
10830 2548
4569 2548
2055 3561
6745 3549
11315 3561
5459 3257
3728 3561
6461 568
5727 7473
52 3561
719 3561
7023 3549
2764 6453
6086 3561
2578 3561
3561 3404
8428 3561
8100 3549
226 6461
8680 3561
8404 3561
7170 3549
10345 3561
1270 3561
11610 2914
3819 2914
2914 5752
2914 11092
11422 3561
2200 3561
3561 2939
2041 2548
11168 3561
10977 3561
11976 3561
5742 3561
3320 2914
9273 3561
4358 3561
6081 3561
2561 3561
2108 3561
6402 2914
6648 6453
5727 7474
6395 3549
2914 11142
6259 3549
5588 3561
7782 6461
6461 1746
7194 6461
4766 7474
7170 2914
10311 3561
10314 3561
4795 3561
8346 3561
12297 3561
6401 3561
4755 3561
2914 2917
2855 3561
3561 8584
6461 7586
4355 2914
1755 5727
6221 3561
11499 3561
6849 3561
1225 2914
3549 11418
3561 9471
2895 3561
3269 3549
3352 3561
11042 6453
4766 3976
6076 3549
6813 3561
10530 6453
5496 2914
6395 2914
5459 3356
3356 3976
4565 1740
11215 3561
5511 3561
3320 6461
5519 1740
4230 6453
2548 5696
6992 3561
7526 3561
6461 3563
6461 10614
6461 9318
6461 5771
6461 13694
11042 3549
6402 6461
6993 3549
3561 7252
6172 1740
4657 3561
6461 6113
6530 2914
6461 4854
4788 3561
2914 3384
3292 3561
6461 1668
11722 3561
6461 7170
3462 6461
5705 6461
6729 2914
5696 1740
5650 3549
3303 6461
4433 3561
6181 6461
6461 4323
3257 3549
6461 7915
4694 3549
6993 2914
6453 7473
10530 2914
237 3549
5496 6461
6259 6461
4565 2914
4969 6461
5696 3549
5519 2914
2914 4230
1833 3549
2548 3976
3549 7473
5727 1740
7782 3561
3561 1746
7194 3561
2914 2828
7474 1740
4766 1740
4766 6453
2041 6461
600 6461
549 6461
4513 6461
3914 6461
6461 715
6461 6729
3356 1740
5727 3549
2056 6461
6461 6079
5459 1740
5459 6453
6453 3976
1755 1740
6347 3549
3549 7474
6461 11042
1833 2914
3320 3561
10530 6461
6402 3561
6461 5378
6461 5551
4565 6461
5519 6461
3549 3976
5650 6461
7170 3561
6461 2828
6172 6461
3257 6461
2914 7474
4694 6461
4766 2914
6359 3561
6197 3561
6225 3561
6507 3561
6535 3561
7029 3561
8061 3561
11255 3561
10819 3561
11079 3561
6384 3561
6387 3561
5024 3561
7892 3561
4208 3561
3561 7894
3561 7891
3561 10559
1241 3561
3561 6553
4544 3561
237 6461
5574 3561
4459 3561
3561 7893
3701 3561
2379 3561
3561 4277
1691 3561
6461 5696
3356 2914
8011 3561
8047 3561
6388 3561
5003 3561
8062 3561
6380 3561
3464 3561
2711 3561
3561 11775
7795 3561
6259 3561
2899 3561
5459 2914
2914 3976
1755 2914
1916 3561
4926 3561
2510 3561
3996 3561
1833 6461
8043 3561
6461 7473
2548 1740
2548 6453
10830 3561
4569 3561
3561 8210
6648 3561
3561 11418
3269 3561
6530 3561
3384 3561
6076 3561
5727 6461
600 3561
549 3561
4513 3561
3914 3561
6453 1740
715 3561
11542 701
11616 701
559 701
557 701
5533 701
8015 701
4596 701
10971 701
11598 701
12228 701
7065 701
8156 701
11118 701
8022 701
6563 701
3820 701
8182 701
13997 701
6178 701
11748 701
7207 701
7206 701
6226 701
6227 701
8146 701
55 701
11104 701
8039 701
10680 701
12735 701
13676 701
13516 701
4519 701
5048 701
9512 701
10517 701
7046 701
4356 701
10839 701
10838 701
11653 701
2712 701
10694 701
6241 701
13942 701
7146 701
11012 701
5714 701
10431 701
11240 701
12049 701
10828 701
4574 701
2140 701
4977 701
8087 701
6083 701
7809 701
13413 701
6065 701
4966 701
4960 701
8137 701
11928 701
10251 701
11810 701
4364 701
5648 701
8672 701
8097 701
12062 701
6652 701
10805 701
10339 701
6071 701
10249 701
4223 701
6475 701
7751 701
7753 701
10650 701
13753 701
11456 701
13326 701
7910 701
6283 701
7355 701
10271 701
8788 701
7726 701
13868 701
13741 701
3614 701
5772 701
10912 701
4449 701
6297 701
6295 701
2107 701
8919 701
11191 701
8138 701
5760 701
3950 701
3957 701
6433 701
7425 701
10928 701
7281 701
7284 701
4456 701
4927 701
13586 701
2648 701
4581 701
4583 701
3554 701
11854 701
6594 701
2825 701
7633 701
6938 701
8120 701
11225 701
7372 701
12194 701
12196 701
11407 701
11400 701
10932 701
10933 701
3703 701
4913 701
11718 701
10665 701
7253 701
701 4261
701 10760
701 11881
701 14292
701 6582
701 6588
701 11151
701 6139
701 6136
701 13567
701 7395
701 10724
701 10721
701 10613
701 6314
701 10437
701 11892
701 4279
701 4278
701 6629
701 6630
701 7895
701 11606
701 3502
701 3505
701 10552
701 3378
701 6948
701 8000
701 6541
701 4390
701 4393
6347 6461
6371 701
7921 701
11734 701
11992 701
4923 701
6597 701
6912 701
5106 701
2901 701
3301 3561
3479 701
2056 3561
10916 701
6079 3561
701 703
3751 701
11649 701
10738 701
4766 6461
701 7091
81 701
8918 3561
3674 701
10911 701
6705 701
11377 701
13765 701
3850 701
8934 701
10476 701
8697 701
701 10541
701 5324
4436 701
6299 701
10851 701
6844 701
701 46
701 9651
10910 701
6993 3561
701 8961
1930 701
701 8756
1136 701
701 111
1955 701
3356 6461
9265 701
17 701
11466 701
11047 701
6983 701
2015 701
7772 701
2033 701
8501 701
6405 701
3739 701
6845 701
9064 701
10296 701
5459 6461
6461 3976
11354 701
1755 6461
6521 701
701 8175
5378 3561
3561 5551
3549 1740
3549 6453
4786 701
10789 701
7832 701
701 7037
1275 701
6619 701
2548 2914
852 701
4527 701
10510 701
4372 701
10800 701
5697 701
4943 701
13693 701
3737 701
701 6620
7498 701
701 7469
6335 701
701 5408
4230 3561
1890 701
1849 701
6459 701
6790 701
5539 701
701 5554
705 701
5650 3561
7617 701
2860 701
6095 701
6223 701
3799 701
10829 701
7770 701
8079 701
4958 701
701 7132
701 6128
701 10424
2828 3561
4911 701
6172 3561
3257 3561
3796 701
10506 701
11030 701
4376 701
4374 701
7178 701
14486 701
10849 701
9116 701
701 8551
3803 701
7303 701
4694 3561
6091 701
6665 701
10265 701
33 701
701 3578
1785 701
237 3561
5384 701
11610 701
3819 701
5752 701
701 11092
5051 701
4740 701
2914 1740
5050 701
2914 6453
1784 701
8933 701
13694 701
5771 701
3563 701
701 10614
701 9318
2915 701
1833 3561
3561 7473
6327 701
6745 701
7023 701
6113 701
701 11142
4854 701
8100 701
2914 3549
1668 701
6461 2548
3462 701
701 1290
5705 701
2917 701
4355 701
3303 701
5727 3561
1225 701
6181 701
4323 701
6359 701
6197 701
6225 701
6507 701
6535 701
7029 701
8061 701
11255 701
10819 701
11079 701
6384 701
6387 701
5024 701
7892 701
4208 701
701 7894
701 7891
701 10559
1241 701
701 6553
4544 701
2764 701
5574 701
7915 701
4459 701
701 7893
6347 3561
3561 7474
3701 701
2379 701
701 4277
1691 701
4766 3561
8011 701
8047 701
6388 701
5003 701
8062 701
6380 701
3464 701
2711 701
5496 701
701 11775
6395 701
7795 701
2899 701
1916 701
4926 701
6461 1740
6461 6453
2510 701
4969 701
3356 3561
3996 701
701 702
8043 701
3561 3976
1755 3561
10830 701
4569 701
701 8210
6648 701
701 11418
3269 701
6530 701
6461 3549
3384 701
6076 701
2041 701
600 701
549 701
4513 701
3914 701
715 701
6729 701
3301 701
2056 701
6079 701
8918 701
11042 701
6993 701
10530 701
5378 701
701 5551
6461 2914
4565 701
5519 701
4230 701
5650 701
2548 3561
2828 701
6172 701
3257 701
4694 701
237 701
5696 701
3561 1740
6453 3561
1833 701
701 7473
3549 3561
5727 701
6347 701
701 7474
4766 701
3356 701
5459 701
701 3976
1755 701
2914 3561
6461 3561
2548 701
701 1740
6453 701
3549 701
2914 701
6461 701
3561 701
